   7.0342784e-01	  -1.6217858e+00	
  -7.0342784e-01	   1.6217858e+00	
   6.2000000e+01	   6.2000000e+01	
   3.1051389e-01	   3.2597181e+00	
  -3.1051389e-01	   6.7402819e+00	
   6.2000000e+01	   6.2000000e+01	
   2.4042493e-02	   8.2323965e+00	
  -2.4042493e-02	   1.1767603e+01	
   6.2000000e+01	   6.2000000e+01	
  -1.5416977e-01	   1.3238969e+01	
   1.5416977e-01	   1.6761031e+01	
   6.2000000e+01	   6.2000000e+01	
  -1.7313198e-01	   1.8240732e+01	
   1.7313198e-01	   2.1759268e+01	
   6.2000000e+01	   6.2000000e+01	
  -1.4003556e-01	   2.3237788e+01	
   1.4003556e-01	   2.6762212e+01	
   6.2000000e+01	   6.2000000e+01	
  -6.0006282e-02	   2.8233252e+01	
   6.0006282e-02	   3.1766748e+01	
   6.2000000e+01	   6.2000000e+01	
   1.7690300e-01	   3.3241107e+01	
  -1.7690300e-01	   3.6758893e+01	
   6.2000000e+01	   6.2000000e+01	
   5.9872733e-01	   3.8336712e+01	
  -5.9872733e-01	   4.1663288e+01	
   6.2000000e+01	   6.2000000e+01	
   8.5315820e-01	   4.3451736e+01	
  -8.5315820e-01	   4.6548264e+01	
   6.2000000e+01	   6.2000000e+01	
   9.1792419e-01	   4.8489234e+01	
  -9.1792419e-01	   5.1510766e+01	
   6.2000000e+01	   6.2000000e+01	
   9.2293231e-01	   5.3492288e+01	
  -9.2293231e-01	   5.6507712e+01	
   6.2000000e+01	   6.2000000e+01	
   9.2915620e-01	   5.8496115e+01	
  -9.2915620e-01	   6.1503885e+01	
   6.2000000e+01	   6.2000000e+01	
   9.6934557e-01	   6.3521701e+01	
  -9.6934557e-01	   6.6478299e+01	
   6.2000000e+01	   6.2000000e+01	
   1.0796601e+00	   6.8600238e+01	
  -1.0796601e+00	   7.1399762e+01	
   6.2000000e+01	   6.2000000e+01	
  -1.2968759e+00	   7.6201296e+01	
   1.2968759e+00	   7.3798704e+01	
   6.2000000e+01	   6.2000000e+01	
  -1.5378262e+00	   8.0871832e+01	
   1.5378262e+00	   7.9128168e+01	
   6.2000000e+01	   6.2000000e+01	
  -1.6559201e+00	   8.5618812e+01	
   1.6559201e+00	   8.4381188e+01	
   6.2000000e+01	   6.2000000e+01	
  -1.6901644e+00	   9.0518020e+01	
   1.6901644e+00	   8.9481980e+01	
   6.2000000e+01	   6.2000000e+01	
  -1.6928154e+00	   9.5509290e+01	
   1.6928154e+00	   9.4490710e+01	
   6.2000000e+01	   6.2000000e+01	
  -1.6807897e+00	   1.0054767e+02	
   1.6807897e+00	   9.9452327e+01	
   6.2000000e+01	   6.2000000e+01	
  -1.6588794e+00	   1.0561083e+02	
   1.6588794e+00	   1.0438917e+02	
   6.2000000e+01	   6.2000000e+01	
  -1.6284127e+00	   1.1068795e+02	
   1.6284127e+00	   1.0931205e+02	
   6.2000000e+01	   6.2000000e+01	
  -1.5893640e+00	   1.1577390e+02	
   1.5893640e+00	   1.1422610e+02	
   6.2000000e+01	   6.2000000e+01	
  -1.5406929e+00	   1.2086676e+02	
   1.5406929e+00	   1.1913324e+02	
   6.2000000e+01	   6.2000000e+01	
   3.3151011e+00	  -5.3489770e-01	
   6.6848989e+00	   5.3489770e-01	
   6.2000000e+01	   6.2000000e+01	
   3.2533528e+00	   4.7275600e+00	
   6.7466472e+00	   5.2724400e+00	
   6.2000000e+01	   6.2000000e+01	
   5.2891280e+00	   8.2560376e+00	
   4.7108720e+00	   1.1743962e+01	
   6.2000000e+01	   6.2000000e+01	
   4.8780246e+00	   1.3236446e+01	
   5.1219754e+00	   1.6763554e+01	
   6.2000000e+01	   6.2000000e+01	
   4.6640536e+00	   1.8264448e+01	
   5.3359464e+00	   2.1735552e+01	
   6.2000000e+01	   6.2000000e+01	
   4.5900144e+00	   2.3280433e+01	
   5.4099856e+00	   2.6719567e+01	
   6.2000000e+01	   6.2000000e+01	
   4.5595498e+00	   2.8287983e+01	
   5.4404502e+00	   3.1712017e+01	
   6.2000000e+01	   6.2000000e+01	
   4.6025543e+00	   3.3277491e+01	
   5.3974457e+00	   3.6722509e+01	
   6.2000000e+01	   6.2000000e+01	
   4.9366382e+00	   3.8233369e+01	
   5.0633618e+00	   4.1766631e+01	
   6.2000000e+01	   6.2000000e+01	
   5.4408638e+00	   4.3288089e+01	
   4.5591362e+00	   4.6711911e+01	
   6.2000000e+01	   6.2000000e+01	
   5.5851990e+00	   4.8331905e+01	
   4.4148010e+00	   5.1668095e+01	
   6.2000000e+01	   6.2000000e+01	
   5.5899316e+00	   5.3333572e+01	
   4.4100684e+00	   5.6666428e+01	
   6.2000000e+01	   6.2000000e+01	
   5.5820043e+00	   5.8330787e+01	
   4.4179957e+00	   6.1669213e+01	
   6.2000000e+01	   6.2000000e+01	
   5.5954603e+00	   6.3335540e+01	
   4.4045397e+00	   6.6664460e+01	
   6.2000000e+01	   6.2000000e+01	
   5.6634877e+00	   6.8361469e+01	
   4.3365123e+00	   7.1638531e+01	
   6.2000000e+01	   6.2000000e+01	
   5.9196836e+00	   7.3490304e+01	
   4.0803164e+00	   7.6509696e+01	
   6.2000000e+01	   6.2000000e+01	
   3.4736404e+00	   8.0891755e+01	
   6.5263596e+00	   7.9108245e+01	
   6.2000000e+01	   6.2000000e+01	
   3.2887279e+00	   8.5443337e+01	
   6.7112721e+00	   8.4556663e+01	
   6.2000000e+01	   6.2000000e+01	
   3.2707990e+00	   9.0367238e+01	
   6.7292010e+00	   8.9632762e+01	
   6.2000000e+01	   6.2000000e+01	
   3.2779905e+00	   9.5399604e+01	
   6.7220095e+00	   9.4600396e+01	
   6.2000000e+01	   6.2000000e+01	
   3.2960521e+00	   1.0047070e+02	
   6.7039479e+00	   9.9529297e+01	
   6.2000000e+01	   6.2000000e+01	
   3.3228323e+00	   1.0555867e+02	
   6.6771677e+00	   1.0444133e+02	
   6.2000000e+01	   6.2000000e+01	
   3.3582307e+00	   1.1065543e+02	
   6.6417693e+00	   1.0934457e+02	
   6.2000000e+01	   6.2000000e+01	
   3.4032265e+00	   1.1575849e+02	
   6.5967735e+00	   1.1424151e+02	
   6.2000000e+01	   6.2000000e+01	
   3.4602671e+00	   1.2086846e+02	
   6.5397329e+00	   1.1913154e+02	
   6.2000000e+01	   6.2000000e+01	
   8.4364279e+00	  -8.2476797e-01	
   1.1563572e+01	   8.2476797e-01	
   6.2000000e+01	   6.2000000e+01	
   8.4210962e+00	   4.2049762e+00	
   1.1578904e+01	   5.7950238e+00	
   6.2000000e+01	   6.2000000e+01	
   8.4259248e+00	   9.1954584e+00	
   1.1574075e+01	   1.0804542e+01	
   6.2000000e+01	   6.2000000e+01	
   9.9621440e+00	   1.3232638e+01	
   1.0037856e+01	   1.6767362e+01	
   6.2000000e+01	   6.2000000e+01	
   9.6512570e+00	   1.8266974e+01	
   1.0348743e+01	   2.1733026e+01	
   6.2000000e+01	   6.2000000e+01	
   9.3949360e+00	   2.3339007e+01	
   1.0605064e+01	   2.6660993e+01	
   6.2000000e+01	   6.2000000e+01	
   9.3008821e+00	   2.8376352e+01	
   1.0699118e+01	   3.1623648e+01	
   6.2000000e+01	   6.2000000e+01	
   9.2156404e+00	   3.3415771e+01	
   1.0784360e+01	   3.6584229e+01	
   6.2000000e+01	   6.2000000e+01	
   9.2322180e+00	   3.8407671e+01	
   1.0767782e+01	   4.1592329e+01	
   6.2000000e+01	   6.2000000e+01	
   9.5682574e+00	   4.3285766e+01	
   1.0431743e+01	   4.6714234e+01	
   6.2000000e+01	   6.2000000e+01	
   9.8582903e+00	   4.8237922e+01	
   1.0141710e+01	   5.1762078e+01	
   6.2000000e+01	   6.2000000e+01	
   9.9637664e+00	   5.3232604e+01	
   1.0036234e+01	   5.6767396e+01	
   6.2000000e+01	   6.2000000e+01	
   1.0024271e+01	   5.8232400e+01	
   9.9757289e+00	   6.1767600e+01	
   6.2000000e+01	   6.2000000e+01	
   1.0062024e+01	   6.3233321e+01	
   9.9379764e+00	   6.6766679e+01	
   6.2000000e+01	   6.2000000e+01	
   1.0068282e+01	   6.8233552e+01	
   9.9317177e+00	   7.1766448e+01	
   6.2000000e+01	   6.2000000e+01	
   1.0030478e+01	   7.3232496e+01	
   9.9695223e+00	   7.6767504e+01	
   6.2000000e+01	   6.2000000e+01	
   9.7970633e+00	   7.8243920e+01	
   1.0202937e+01	   8.1756080e+01	
   6.2000000e+01	   6.2000000e+01	
   8.2324330e+00	   8.5026591e+01	
   1.1767567e+01	   8.4973409e+01	
   6.2000000e+01	   6.2000000e+01	
   8.2390499e+00	   9.0155096e+01	
   1.1760950e+01	   8.9844904e+01	
   6.2000000e+01	   6.2000000e+01	
   8.2535247e+00	   9.5273540e+01	
   1.1746475e+01	   9.4726460e+01	
   6.2000000e+01	   6.2000000e+01	
   8.2760650e+00	   1.0039121e+02	
   1.1723935e+01	   9.9608787e+01	
   6.2000000e+01	   6.2000000e+01	
   8.3068836e+00	   1.0550829e+02	
   1.1693116e+01	   1.0449171e+02	
   6.2000000e+01	   6.2000000e+01	
   8.3467610e+00	   1.1062594e+02	
   1.1653239e+01	   1.0937406e+02	
   6.2000000e+01	   6.2000000e+01	
   8.3978360e+00	   1.1574704e+02	
   1.1602164e+01	   1.1425296e+02	
   6.2000000e+01	   6.2000000e+01	
   8.4651069e+00	   1.2087699e+02	
   1.1534893e+01	   1.1912301e+02	
   6.2000000e+01	   6.2000000e+01	
   1.3530640e+01	  -9.8284410e-01	
   1.6469360e+01	   9.8284410e-01	
   6.2000000e+01	   6.2000000e+01	
   1.3511020e+01	   4.0471415e+00	
   1.6488980e+01	   5.9528585e+00	
   6.2000000e+01	   6.2000000e+01	
   1.3555584e+01	   8.9808518e+00	
   1.6444416e+01	   1.1019148e+01	
   6.2000000e+01	   6.2000000e+01	
   1.3795400e+01	   1.3706192e+01	
   1.6204600e+01	   1.6293808e+01	
   6.2000000e+01	   6.2000000e+01	
   1.4534306e+01	   1.8294676e+01	
   1.5465694e+01	   2.1705324e+01	
   6.2000000e+01	   6.2000000e+01	
   1.4878205e+01	   2.3236434e+01	
   1.5121795e+01	   2.6763566e+01	
   6.2000000e+01	   6.2000000e+01	
   1.4296379e+01	   2.8378298e+01	
   1.5703621e+01	   3.1621702e+01	
   6.2000000e+01	   6.2000000e+01	
   1.4069651e+01	   3.3496853e+01	
   1.5930349e+01	   3.6503147e+01	
   6.2000000e+01	   6.2000000e+01	
   1.3939684e+01	   3.8585528e+01	
   1.6060316e+01	   4.1414472e+01	
   6.2000000e+01	   6.2000000e+01	
   1.4034116e+01	   4.3519437e+01	
   1.5965884e+01	   4.6480563e+01	
   6.2000000e+01	   6.2000000e+01	
   1.4215858e+01	   4.8415664e+01	
   1.5784142e+01	   5.1584336e+01	
   6.2000000e+01	   6.2000000e+01	
   1.4388936e+01	   5.3341205e+01	
   1.5611064e+01	   5.6658795e+01	
   6.2000000e+01	   6.2000000e+01	
   1.4544691e+01	   5.8291874e+01	
   1.5455309e+01	   6.1708126e+01	
   6.2000000e+01	   6.2000000e+01	
   1.4656108e+01	   6.3266005e+01	
   1.5343892e+01	   6.6733995e+01	
   6.2000000e+01	   6.2000000e+01	
   1.4709524e+01	   6.8256262e+01	
   1.5290476e+01	   7.1743738e+01	
   6.2000000e+01	   6.2000000e+01	
   1.4673817e+01	   7.3262587e+01	
   1.5326183e+01	   7.6737413e+01	
   6.2000000e+01	   6.2000000e+01	
   1.4438045e+01	   7.8323931e+01	
   1.5561955e+01	   8.1676069e+01	
   6.2000000e+01	   6.2000000e+01	
   1.3532565e+01	   8.4014285e+01	
   1.6467435e+01	   8.5985715e+01	
   6.2000000e+01	   6.2000000e+01	
   1.3237857e+01	   8.9859098e+01	
   1.6762143e+01	   9.0140902e+01	
   6.2000000e+01	   6.2000000e+01	
   1.3237737e+01	   9.5139391e+01	
   1.6762263e+01	   9.4860609e+01	
   6.2000000e+01	   6.2000000e+01	
   1.3260936e+01	   1.0031726e+02	
   1.6739064e+01	   9.9682737e+01	
   6.2000000e+01	   6.2000000e+01	
   1.3294361e+01	   1.0546454e+02	
   1.6705639e+01	   1.0453546e+02	
   6.2000000e+01	   6.2000000e+01	
   1.3337763e+01	   1.1060164e+02	
   1.6662237e+01	   1.0939836e+02	
   6.2000000e+01	   6.2000000e+01	
   1.3394793e+01	   1.1574048e+02	
   1.6605207e+01	   1.1425952e+02	
   6.2000000e+01	   6.2000000e+01	
   1.3475882e+01	   1.2089558e+02	
   1.6524118e+01	   1.1910442e+02	
   6.2000000e+01	   6.2000000e+01	
   1.8546068e+01	  -1.0055261e+00	
   2.1453932e+01	   1.0055261e+00	
   6.2000000e+01	   6.2000000e+01	
   1.8482630e+01	   4.0930336e+00	
   2.1517370e+01	   5.9069664e+00	
   6.2000000e+01	   6.2000000e+01	
   1.8533563e+01	   9.0128010e+00	
   2.1466437e+01	   1.0987199e+01	
   6.2000000e+01	   6.2000000e+01	
   1.8779633e+01	   1.3721053e+01	
   2.1220367e+01	   1.6278947e+01	
   6.2000000e+01	   6.2000000e+01	
   1.9085622e+01	   1.8487084e+01	
   2.0914378e+01	   2.1512916e+01	
   6.2000000e+01	   6.2000000e+01	
   1.9557545e+01	   2.3288500e+01	
   2.0442455e+01	   2.6711500e+01	
   6.2000000e+01	   6.2000000e+01	
   2.0110424e+01	   2.8235685e+01	
   1.9889576e+01	   3.1764315e+01	
   6.2000000e+01	   6.2000000e+01	
   1.9278900e+01	   3.3385994e+01	
   2.0721100e+01	   3.6614006e+01	
   6.2000000e+01	   6.2000000e+01	
   1.8837228e+01	   3.8668474e+01	
   2.1162772e+01	   4.1331526e+01	
   6.2000000e+01	   6.2000000e+01	
   1.8864445e+01	   4.3645188e+01	
   2.1135555e+01	   4.6354812e+01	
   6.2000000e+01	   6.2000000e+01	
   1.9015107e+01	   4.8532013e+01	
   2.0984893e+01	   5.1467987e+01	
   6.2000000e+01	   6.2000000e+01	
   1.9204528e+01	   5.3421322e+01	
   2.0795472e+01	   5.6578678e+01	
   6.2000000e+01	   6.2000000e+01	
   1.9361550e+01	   5.8351552e+01	
   2.0638450e+01	   6.1648448e+01	
   6.2000000e+01	   6.2000000e+01	
   1.9459141e+01	   6.3317005e+01	
   2.0540859e+01	   6.6682995e+01	
   6.2000000e+01	   6.2000000e+01	
   1.9540519e+01	   6.8292992e+01	
   2.0459481e+01	   7.1707008e+01	
   6.2000000e+01	   6.2000000e+01	
   1.9587257e+01	   7.3281093e+01	
   2.0412743e+01	   7.6718907e+01	
   6.2000000e+01	   6.2000000e+01	
   1.9502500e+01	   7.8303682e+01	
   2.0497500e+01	   8.1696318e+01	
   6.2000000e+01	   6.2000000e+01	
   1.9096423e+01	   8.3480609e+01	
   2.0903577e+01	   8.6519391e+01	
   6.2000000e+01	   6.2000000e+01	
   1.8331828e+01	   8.9415021e+01	
   2.1668172e+01	   9.0584979e+01	
   6.2000000e+01	   6.2000000e+01	
   1.8232233e+01	   9.5000688e+01	
   2.1767767e+01	   9.4999312e+01	
   6.2000000e+01	   6.2000000e+01	
   1.8250640e+01	   1.0025444e+02	
   2.1749360e+01	   9.9745563e+01	
   6.2000000e+01	   6.2000000e+01	
   1.8284832e+01	   1.0542802e+02	
   2.1715168e+01	   1.0457198e+02	
   6.2000000e+01	   6.2000000e+01	
   1.8329784e+01	   1.1057912e+02	
   2.1670216e+01	   1.0942088e+02	
   6.2000000e+01	   6.2000000e+01	
   1.8391728e+01	   1.1573380e+02	
   2.1608272e+01	   1.1426620e+02	
   6.2000000e+01	   6.2000000e+01	
   1.8495851e+01	   1.2092873e+02	
   2.1504149e+01	   1.1907127e+02	
   6.2000000e+01	   6.2000000e+01	
   2.3461333e+01	  -8.7034644e-01	
   2.6538667e+01	   8.7034644e-01	
   6.2000000e+01	   6.2000000e+01	
   2.3376780e+01	   4.2998885e+00	
   2.6623220e+01	   5.7001115e+00	
   6.2000000e+01	   6.2000000e+01	
   2.3425396e+01	   9.1964944e+00	
   2.6574604e+01	   1.0803506e+01	
   6.2000000e+01	   6.2000000e+01	
   2.3636233e+01	   1.3875216e+01	
   2.6363767e+01	   1.6124784e+01	
   6.2000000e+01	   6.2000000e+01	
   2.3948482e+01	   1.8578976e+01	
   2.6051518e+01	   2.1421024e+01	
   6.2000000e+01	   6.2000000e+01	
   2.4332934e+01	   2.3362922e+01	
   2.5667066e+01	   2.6637078e+01	
   6.2000000e+01	   6.2000000e+01	
   2.4816213e+01	   2.8241813e+01	
   2.5183787e+01	   3.1758187e+01	
   6.2000000e+01	   6.2000000e+01	
   2.5089457e+01	   3.3234498e+01	
   2.4910543e+01	   3.6765502e+01	
   6.2000000e+01	   6.2000000e+01	
   2.4711046e+01	   3.8256009e+01	
   2.5288954e+01	   4.1743991e+01	
   6.2000000e+01	   6.2000000e+01	
   2.4145602e+01	   4.3452420e+01	
   2.5854398e+01	   4.6547580e+01	
   6.2000000e+01	   6.2000000e+01	
   2.4188953e+01	   4.8429267e+01	
   2.5811047e+01	   5.1570733e+01	
   6.2000000e+01	   6.2000000e+01	
   2.4321556e+01	   5.3367605e+01	
   2.5678444e+01	   5.6632395e+01	
   6.2000000e+01	   6.2000000e+01	
   2.4380278e+01	   5.8344420e+01	
   2.5619722e+01	   6.1655580e+01	
   6.2000000e+01	   6.2000000e+01	
   2.4358256e+01	   6.3352831e+01	
   2.5641744e+01	   6.6647169e+01	
   6.2000000e+01	   6.2000000e+01	
   2.4397884e+01	   6.8337936e+01	
   2.5602116e+01	   7.1662064e+01	
   6.2000000e+01	   6.2000000e+01	
   2.4534738e+01	   7.3294558e+01	
   2.5465262e+01	   7.6705442e+01	
   6.2000000e+01	   6.2000000e+01	
   2.4593116e+01	   7.8279696e+01	
   2.5406884e+01	   8.1720304e+01	
   6.2000000e+01	   6.2000000e+01	
   2.4418641e+01	   8.3330563e+01	
   2.5581359e+01	   8.6669437e+01	
   6.2000000e+01	   6.2000000e+01	
   2.3734063e+01	   8.8766143e+01	
   2.6265937e+01	   9.1233857e+01	
   6.2000000e+01	   6.2000000e+01	
   2.3240218e+01	   9.4832172e+01	
   2.6759782e+01	   9.5167828e+01	
   6.2000000e+01	   6.2000000e+01	
   2.3243153e+01	   1.0019619e+02	
   2.6756847e+01	   9.9803812e+01	
   6.2000000e+01	   6.2000000e+01	
   2.3274230e+01	   1.0538304e+02	
   2.6725770e+01	   1.0461696e+02	
   6.2000000e+01	   6.2000000e+01	
   2.3314713e+01	   1.1053367e+02	
   2.6685287e+01	   1.0946633e+02	
   6.2000000e+01	   6.2000000e+01	
   2.3373320e+01	   1.1569203e+02	
   2.6626680e+01	   1.1430797e+02	
   6.2000000e+01	   6.2000000e+01	
   2.3543272e+01	   1.2100147e+02	
   2.6456728e+01	   1.1899853e+02	
   6.2000000e+01	   6.2000000e+01	
   2.8350930e+01	  -6.3684275e-01	
   3.1649070e+01	   6.3684275e-01	
   6.2000000e+01	   6.2000000e+01	
   2.8310243e+01	   4.4806542e+00	
   3.1689757e+01	   5.5193458e+00	
   6.2000000e+01	   6.2000000e+01	
   2.8361819e+01	   9.3356491e+00	
   3.1638181e+01	   1.0664351e+01	
   6.2000000e+01	   6.2000000e+01	
   2.8490786e+01	   1.4079525e+01	
   3.1509214e+01	   1.5920475e+01	
   6.2000000e+01	   6.2000000e+01	
   2.8644463e+01	   1.8865310e+01	
   3.1355537e+01	   2.1134690e+01	
   6.2000000e+01	   6.2000000e+01	
   2.8795563e+01	   2.3706040e+01	
   3.1204437e+01	   2.6293960e+01	
   6.2000000e+01	   6.2000000e+01	
   2.9102342e+01	   2.8477105e+01	
   3.0897658e+01	   3.1522895e+01	
   6.2000000e+01	   6.2000000e+01	
   2.9922176e+01	   3.3233947e+01	
   3.0077824e+01	   3.6766053e+01	
   6.2000000e+01	   6.2000000e+01	
   3.0026364e+01	   3.8232430e+01	
   2.9973636e+01	   4.1767570e+01	
   6.2000000e+01	   6.2000000e+01	
   2.9690072e+01	   4.3259614e+01	
   3.0309928e+01	   4.6740386e+01	
   6.2000000e+01	   6.2000000e+01	
   2.9474261e+01	   4.8312221e+01	
   3.0525739e+01	   5.1687779e+01	
   6.2000000e+01	   6.2000000e+01	
   2.9529072e+01	   5.3296114e+01	
   3.0470928e+01	   5.6703886e+01	
   6.2000000e+01	   6.2000000e+01	
   2.9466649e+01	   5.8314611e+01	
   3.0533351e+01	   6.1685389e+01	
   6.2000000e+01	   6.2000000e+01	
   2.9250501e+01	   6.3398984e+01	
   3.0749499e+01	   6.6601016e+01	
   6.2000000e+01	   6.2000000e+01	
   2.9191171e+01	   6.8428124e+01	
   3.0808829e+01	   7.1571876e+01	
   6.2000000e+01	   6.2000000e+01	
   2.9397201e+01	   7.3338184e+01	
   3.0602799e+01	   7.6661816e+01	
   6.2000000e+01	   6.2000000e+01	
   2.9666046e+01	   7.8264064e+01	
   3.0333954e+01	   8.1735936e+01	
   6.2000000e+01	   6.2000000e+01	
   2.9658196e+01	   8.3265592e+01	
   3.0341804e+01	   8.6734408e+01	
   6.2000000e+01	   6.2000000e+01	
   2.9366152e+01	   8.8349777e+01	
   3.0633848e+01	   9.1650223e+01	
   6.2000000e+01	   6.2000000e+01	
   2.8376057e+01	   9.4301566e+01	
   3.1623943e+01	   9.5698434e+01	
   6.2000000e+01	   6.2000000e+01	
   2.8232910e+01	   1.0004893e+02	
   3.1767090e+01	   9.9951073e+01	
   6.2000000e+01	   6.2000000e+01	
   2.8246215e+01	   1.0522190e+02	
   3.1753785e+01	   1.0477810e+02	
   6.2000000e+01	   6.2000000e+01	
   2.8258945e+01	   1.1030615e+02	
   3.1741055e+01	   1.0969385e+02	
   6.2000000e+01	   6.2000000e+01	
   2.8232940e+01	   1.1504999e+02	
   3.1767060e+01	   1.1495001e+02	
   6.2000000e+01	   6.2000000e+01	
   2.9014055e+01	   1.1853272e+02	
   3.0985945e+01	   1.2146728e+02	
   6.2000000e+01	   6.2000000e+01	
   3.3301047e+01	  -4.8842548e-01	
   3.6698953e+01	   4.8842548e-01	
   6.2000000e+01	   6.2000000e+01	
   3.3295403e+01	   4.5316534e+00	
   3.6704597e+01	   5.4683466e+00	
   6.2000000e+01	   6.2000000e+01	
   3.3367450e+01	   9.3219293e+00	
   3.6632550e+01	   1.0678071e+01	
   6.2000000e+01	   6.2000000e+01	
   3.3496341e+01	   1.4070478e+01	
   3.6503659e+01	   1.5929522e+01	
   6.2000000e+01	   6.2000000e+01	
   3.3597111e+01	   1.8924407e+01	
   3.6402889e+01	   2.1075593e+01	
   6.2000000e+01	   6.2000000e+01	
   3.3679183e+01	   2.3825078e+01	
   3.6320817e+01	   2.6174922e+01	
   6.2000000e+01	   6.2000000e+01	
   3.3754774e+01	   2.8745244e+01	
   3.6245226e+01	   3.1254756e+01	
   6.2000000e+01	   6.2000000e+01	
   3.3948501e+01	   3.3578962e+01	
   3.6051499e+01	   3.6421038e+01	
   6.2000000e+01	   6.2000000e+01	
   3.4441935e+01	   3.8322632e+01	
   3.5558065e+01	   4.1677368e+01	
   6.2000000e+01	   6.2000000e+01	
   3.5300318e+01	   4.3257930e+01	
   3.4699682e+01	   4.6742070e+01	
   6.2000000e+01	   6.2000000e+01	
   3.4795128e+01	   4.8244145e+01	
   3.5204872e+01	   5.1755855e+01	
   6.2000000e+01	   6.2000000e+01	
   3.4992231e+01	   5.3232250e+01	
   3.5007769e+01	   5.6767750e+01	
   6.2000000e+01	   6.2000000e+01	
   3.4624228e+01	   5.8272633e+01	
   3.5375772e+01	   6.1727367e+01	
   6.2000000e+01	   6.2000000e+01	
   3.4034298e+01	   6.3519318e+01	
   3.5965702e+01	   6.6480682e+01	
   6.2000000e+01	   6.2000000e+01	
   3.3948867e+01	   6.8578691e+01	
   3.6051133e+01	   7.1421309e+01	
   6.2000000e+01	   6.2000000e+01	
   3.4106360e+01	   7.3474743e+01	
   3.5893640e+01	   7.6525257e+01	
   6.2000000e+01	   6.2000000e+01	
   3.4580609e+01	   7.8282702e+01	
   3.5419391e+01	   8.1717298e+01	
   6.2000000e+01	   6.2000000e+01	
   3.4852097e+01	   8.3238431e+01	
   3.5147903e+01	   8.6761569e+01	
   6.2000000e+01	   6.2000000e+01	
   3.4753624e+01	   8.8249486e+01	
   3.5246376e+01	   9.1750514e+01	
   6.2000000e+01	   6.2000000e+01	
   3.4516335e+01	   9.3299686e+01	
   3.5483665e+01	   9.6700314e+01	
   6.2000000e+01	   6.2000000e+01	
   3.3899662e+01	   9.8616434e+01	
   3.6100338e+01	   1.0138357e+02	
   6.2000000e+01	   6.2000000e+01	
   3.3477629e+01	   1.0410145e+02	
   3.6522371e+01	   1.0589855e+02	
   6.2000000e+01	   6.2000000e+01	
   3.3490131e+01	   1.0908060e+02	
   3.6509869e+01	   1.1091940e+02	
   6.2000000e+01	   6.2000000e+01	
   3.3790649e+01	   1.1371063e+02	
   3.6209351e+01	   1.1628937e+02	
   6.2000000e+01	   6.2000000e+01	
   3.3923603e+01	   1.1859773e+02	
   3.6076397e+01	   1.2140227e+02	
   6.2000000e+01	   6.2000000e+01	
   3.8293910e+01	  -4.6287846e-01	
   4.1706090e+01	   4.6287846e-01	
   6.2000000e+01	   6.2000000e+01	
   3.8295412e+01	   4.5316218e+00	
   4.1704588e+01	   5.4683782e+00	
   6.2000000e+01	   6.2000000e+01	
   3.8366388e+01	   9.3244924e+00	
   4.1633612e+01	   1.0675508e+01	
   6.2000000e+01	   6.2000000e+01	
   3.8560450e+01	   1.3973991e+01	
   4.1439550e+01	   1.6026009e+01	
   6.2000000e+01	   6.2000000e+01	
   3.8663299e+01	   1.8843181e+01	
   4.1336701e+01	   2.1156819e+01	
   6.2000000e+01	   6.2000000e+01	
   3.8720326e+01	   2.3780395e+01	
   4.1279674e+01	   2.6219605e+01	
   6.2000000e+01	   6.2000000e+01	
   3.8771034e+01	   2.8729314e+01	
   4.1228966e+01	   3.1270686e+01	
   6.2000000e+01	   6.2000000e+01	
   3.8886807e+01	   3.3626755e+01	
   4.1113193e+01	   3.6373245e+01	
   6.2000000e+01	   6.2000000e+01	
   3.9065659e+01	   3.8499331e+01	
   4.0934341e+01	   4.1500669e+01	
   6.2000000e+01	   6.2000000e+01	
   3.9152754e+01	   4.3448493e+01	
   4.0847246e+01	   4.6551507e+01	
   6.2000000e+01	   6.2000000e+01	
   3.8453660e+01	   4.9143359e+01	
   4.1546340e+01	   5.0856641e+01	
   6.2000000e+01	   6.2000000e+01	
   3.8279256e+01	   5.5405017e+01	
   4.1720744e+01	   5.4594983e+01	
   6.2000000e+01	   6.2000000e+01	
   3.9625827e+01	   5.8272286e+01	
   4.0374173e+01	   6.1727714e+01	
   6.2000000e+01	   6.2000000e+01	
   3.8473291e+01	   6.4108844e+01	
   4.1526709e+01	   6.5891156e+01	
   6.2000000e+01	   6.2000000e+01	
   3.8804216e+01	   6.8698040e+01	
   4.1195784e+01	   7.1301960e+01	
   6.2000000e+01	   6.2000000e+01	
   3.8908516e+01	   7.3609438e+01	
   4.1091484e+01	   7.6390562e+01	
   6.2000000e+01	   6.2000000e+01	
   3.8960172e+01	   7.8570399e+01	
   4.1039828e+01	   8.1429601e+01	
   6.2000000e+01	   6.2000000e+01	
   3.9600293e+01	   8.3278014e+01	
   4.0399707e+01	   8.6721986e+01	
   6.2000000e+01	   6.2000000e+01	
   3.9848221e+01	   8.8238761e+01	
   4.0151779e+01	   9.1761239e+01	
   6.2000000e+01	   6.2000000e+01	
   3.9542696e+01	   9.3292407e+01	
   4.0457304e+01	   9.6707593e+01	
   6.2000000e+01	   6.2000000e+01	
   3.9217032e+01	   9.8415083e+01	
   4.0782968e+01	   1.0158492e+02	
   6.2000000e+01	   6.2000000e+01	
   3.8910103e+01	   1.0360819e+02	
   4.1089897e+01	   1.0639181e+02	
   6.2000000e+01	   6.2000000e+01	
   3.8767054e+01	   1.0873318e+02	
   4.1232946e+01	   1.1126682e+02	
   6.2000000e+01	   6.2000000e+01	
   3.8809419e+01	   1.1369328e+02	
   4.1190581e+01	   1.1630672e+02	
   6.2000000e+01	   6.2000000e+01	
   3.8823730e+01	   1.1868038e+02	
   4.1176270e+01	   1.2131962e+02	
   6.2000000e+01	   6.2000000e+01	
   4.3309951e+01	  -5.1839658e-01	
   4.6690049e+01	   5.1839658e-01	
   6.2000000e+01	   6.2000000e+01	
   4.3313355e+01	   4.4706332e+00	
   4.6686645e+01	   5.5293668e+00	
   6.2000000e+01	   6.2000000e+01	
   4.3340428e+01	   9.3910486e+00	
   4.6659572e+01	   1.0608951e+01	
   6.2000000e+01	   6.2000000e+01	
   4.3470944e+01	   1.4112877e+01	
   4.6529056e+01	   1.5887123e+01	
   6.2000000e+01	   6.2000000e+01	
   4.3700829e+01	   1.8801186e+01	
   4.6299171e+01	   2.1198814e+01	
   6.2000000e+01	   6.2000000e+01	
   4.3749499e+01	   2.3750501e+01	
   4.6250501e+01	   2.6249499e+01	
   6.2000000e+01	   6.2000000e+01	
   4.3766775e+01	   2.8733447e+01	
   4.6233225e+01	   3.1266553e+01	
   6.2000000e+01	   6.2000000e+01	
   4.3840447e+01	   3.3665670e+01	
   4.6159553e+01	   3.6334330e+01	
   6.2000000e+01	   6.2000000e+01	
   4.3965444e+01	   3.8566579e+01	
   4.6034556e+01	   4.1433421e+01	
   6.2000000e+01	   6.2000000e+01	
   4.4040447e+01	   4.3515325e+01	
   4.5959553e+01	   4.6484675e+01	
   6.2000000e+01	   6.2000000e+01	
   4.3973144e+01	   4.8561053e+01	
   4.6026856e+01	   5.1438947e+01	
   6.2000000e+01	   6.2000000e+01	
   4.3838110e+01	   5.3667705e+01	
   4.6161890e+01	   5.6332295e+01	
   6.2000000e+01	   6.2000000e+01	
   4.4902263e+01	   5.8234937e+01	
   4.5097737e+01	   6.1765063e+01	
   6.2000000e+01	   6.2000000e+01	
   4.3534053e+01	   6.5987927e+01	
   4.6465947e+01	   6.4012073e+01	
   6.2000000e+01	   6.2000000e+01	
   4.3697672e+01	   6.8804616e+01	
   4.6302328e+01	   7.1195384e+01	
   6.2000000e+01	   6.2000000e+01	
   4.3905136e+01	   7.3612098e+01	
   4.6094864e+01	   7.6387902e+01	
   6.2000000e+01	   6.2000000e+01	
   4.3846441e+01	   7.8660484e+01	
   4.6153559e+01	   8.1339516e+01	
   6.2000000e+01	   6.2000000e+01	
   4.3744448e+01	   8.3755577e+01	
   4.6255552e+01	   8.6244423e+01	
   6.2000000e+01	   6.2000000e+01	
   4.3716451e+01	   8.8784475e+01	
   4.6283549e+01	   9.1215525e+01	
   6.2000000e+01	   6.2000000e+01	
   4.3736534e+01	   9.3763613e+01	
   4.6263466e+01	   9.6236387e+01	
   6.2000000e+01	   6.2000000e+01	
   4.3916284e+01	   9.8603375e+01	
   4.6083716e+01	   1.0139662e+02	
   6.2000000e+01	   6.2000000e+01	
   4.3873487e+01	   1.0363766e+02	
   4.6126513e+01	   1.0636234e+02	
   6.2000000e+01	   6.2000000e+01	
   4.3738875e+01	   1.0876123e+02	
   4.6261125e+01	   1.1123877e+02	
   6.2000000e+01	   6.2000000e+01	
   4.3710944e+01	   1.1379032e+02	
   4.6289056e+01	   1.1620968e+02	
   6.2000000e+01	   6.2000000e+01	
   4.3695519e+01	   1.1880697e+02	
   4.6304481e+01	   1.2119303e+02	
   6.2000000e+01	   6.2000000e+01	
   4.8332587e+01	  -5.8714061e-01	
   5.1667413e+01	   5.8714061e-01	
   6.2000000e+01	   6.2000000e+01	
   4.8345374e+01	   4.3777358e+00	
   5.1654626e+01	   5.6222642e+00	
   6.2000000e+01	   6.2000000e+01	
   4.8372694e+01	   9.3094379e+00	
   5.1627306e+01	   1.0690562e+01	
   6.2000000e+01	   6.2000000e+01	
   4.8416673e+01	   1.4213822e+01	
   5.1583327e+01	   1.5786178e+01	
   6.2000000e+01	   6.2000000e+01	
   4.8487103e+01	   1.9085591e+01	
   5.1512897e+01	   2.0914409e+01	
   6.2000000e+01	   6.2000000e+01	
   4.8644320e+01	   2.3865481e+01	
   5.1355680e+01	   2.6134519e+01	
   6.2000000e+01	   6.2000000e+01	
   4.8742308e+01	   2.8757740e+01	
   5.1257692e+01	   3.1242260e+01	
   6.2000000e+01	   6.2000000e+01	
   4.8810595e+01	   3.3692209e+01	
   5.1189405e+01	   3.6307791e+01	
   6.2000000e+01	   6.2000000e+01	
   4.8904930e+01	   3.8612260e+01	
   5.1095070e+01	   4.1387740e+01	
   6.2000000e+01	   6.2000000e+01	
   4.8990510e+01	   4.3548818e+01	
   5.1009490e+01	   4.6451182e+01	
   6.2000000e+01	   6.2000000e+01	
   4.9045649e+01	   4.8511976e+01	
   5.0954351e+01	   5.1488024e+01	
   6.2000000e+01	   6.2000000e+01	
   4.9152162e+01	   5.3448816e+01	
   5.0847838e+01	   5.6551184e+01	
   6.2000000e+01	   6.2000000e+01	
   4.9403356e+01	   5.8335964e+01	
   5.0596644e+01	   6.1664036e+01	
   6.2000000e+01	   6.2000000e+01	
   4.9432856e+01	   6.3325680e+01	
   5.0567144e+01	   6.6674320e+01	
   6.2000000e+01	   6.2000000e+01	
   4.9030260e+01	   6.8521960e+01	
   5.0969740e+01	   7.1478040e+01	
   6.2000000e+01	   6.2000000e+01	
   4.8678737e+01	   7.3825580e+01	
   5.1321263e+01	   7.6174420e+01	
   6.2000000e+01	   6.2000000e+01	
   4.8891292e+01	   7.8623131e+01	
   5.1108708e+01	   8.1376869e+01	
   6.2000000e+01	   6.2000000e+01	
   4.8907007e+01	   8.3610624e+01	
   5.1092993e+01	   8.6389376e+01	
   6.2000000e+01	   6.2000000e+01	
   4.8889368e+01	   8.8624683e+01	
   5.1110632e+01	   9.1375317e+01	
   6.2000000e+01	   6.2000000e+01	
   4.8924399e+01	   9.3597116e+01	
   5.1075601e+01	   9.6402884e+01	
   6.2000000e+01	   6.2000000e+01	
   4.8943808e+01	   9.8582447e+01	
   5.1056192e+01	   1.0141755e+02	
   6.2000000e+01	   6.2000000e+01	
   4.8819430e+01	   1.0368423e+02	
   5.1180570e+01	   1.0631577e+02	
   6.2000000e+01	   6.2000000e+01	
   4.8579527e+01	   1.0894774e+02	
   5.1420473e+01	   1.1105226e+02	
   6.2000000e+01	   6.2000000e+01	
   4.8547112e+01	   1.1399297e+02	
   5.1452888e+01	   1.1600703e+02	
   6.2000000e+01	   6.2000000e+01	
   4.8555845e+01	   1.1898048e+02	
   5.1444155e+01	   1.2101952e+02	
   6.2000000e+01	   6.2000000e+01	
   5.3329302e+01	  -5.7772636e-01	
   5.6670698e+01	   5.7772636e-01	
   6.2000000e+01	   6.2000000e+01	
   5.3339998e+01	   4.3922227e+00	
   5.6660002e+01	   5.6077773e+00	
   6.2000000e+01	   6.2000000e+01	
   5.3362710e+01	   9.3334544e+00	
   5.6637290e+01	   1.0666546e+01	
   6.2000000e+01	   6.2000000e+01	
   5.3420766e+01	   1.4205632e+01	
   5.6579234e+01	   1.5794368e+01	
   6.2000000e+01	   6.2000000e+01	
   5.3515294e+01	   1.9040497e+01	
   5.6484706e+01	   2.0959503e+01	
   6.2000000e+01	   6.2000000e+01	
   5.3535199e+01	   2.4010375e+01	
   5.6464801e+01	   2.5989625e+01	
   6.2000000e+01	   6.2000000e+01	
   5.3602636e+01	   2.8917238e+01	
   5.6397364e+01	   3.1082762e+01	
   6.2000000e+01	   6.2000000e+01	
   5.3774811e+01	   3.3725672e+01	
   5.6225189e+01	   3.6274328e+01	
   6.2000000e+01	   6.2000000e+01	
   5.3883584e+01	   3.8629374e+01	
   5.6116416e+01	   4.1370626e+01	
   6.2000000e+01	   6.2000000e+01	
   5.3976100e+01	   4.3558949e+01	
   5.6023900e+01	   4.6441051e+01	
   6.2000000e+01	   6.2000000e+01	
   5.4069509e+01	   4.8496941e+01	
   5.5930491e+01	   5.1503059e+01	
   6.2000000e+01	   6.2000000e+01	
   5.4180902e+01	   5.3433450e+01	
   5.5819098e+01	   5.6566550e+01	
   6.2000000e+01	   6.2000000e+01	
   5.4285916e+01	   5.8382878e+01	
   5.5714084e+01	   6.1617122e+01	
   6.2000000e+01	   6.2000000e+01	
   5.4297789e+01	   6.3377687e+01	
   5.5702211e+01	   6.6622313e+01	
   6.2000000e+01	   6.2000000e+01	
   5.4250695e+01	   6.8398893e+01	
   5.5749305e+01	   7.1601107e+01	
   6.2000000e+01	   6.2000000e+01	
   5.4216202e+01	   7.3415494e+01	
   5.5783798e+01	   7.6584506e+01	
   6.2000000e+01	   6.2000000e+01	
   5.4150136e+01	   7.8449925e+01	
   5.5849864e+01	   8.1550075e+01	
   6.2000000e+01	   6.2000000e+01	
   5.3845763e+01	   8.3661069e+01	
   5.6154237e+01	   8.6338931e+01	
   6.2000000e+01	   6.2000000e+01	
   5.3886648e+01	   8.8626884e+01	
   5.6113352e+01	   9.1373116e+01	
   6.2000000e+01	   6.2000000e+01	
   5.3895871e+01	   9.3619457e+01	
   5.6104129e+01	   9.6380543e+01	
   6.2000000e+01	   6.2000000e+01	
   5.3982622e+01	   9.8554337e+01	
   5.6017378e+01	   1.0144566e+02	
   6.2000000e+01	   6.2000000e+01	
   5.4299845e+01	   1.0337680e+02	
   5.5700155e+01	   1.0662320e+02	
   6.2000000e+01	   6.2000000e+01	
   5.4627982e+01	   1.0827182e+02	
   5.5372018e+01	   1.1172818e+02	
   6.2000000e+01	   6.2000000e+01	
   5.3990335e+01	   1.1354894e+02	
   5.6009665e+01	   1.1645106e+02	
   6.2000000e+01	   6.2000000e+01	
   5.3518986e+01	   1.1903481e+02	
   5.6481014e+01	   1.2096519e+02	
   6.2000000e+01	   6.2000000e+01	
   5.8271610e+01	  -3.7103561e-01	
   6.1728390e+01	   3.7103561e-01	
   6.2000000e+01	   6.2000000e+01	
   5.8275734e+01	   4.6102499e+00	
   6.1724266e+01	   5.3897501e+00	
   6.2000000e+01	   6.2000000e+01	
   5.8293714e+01	   9.5378426e+00	
   6.1706286e+01	   1.0462157e+01	
   6.2000000e+01	   6.2000000e+01	
   5.8350679e+01	   1.4363808e+01	
   6.1649321e+01	   1.5636192e+01	
   6.2000000e+01	   6.2000000e+01	
   5.8466068e+01	   1.9121335e+01	
   6.1533932e+01	   2.0878665e+01	
   6.2000000e+01	   6.2000000e+01	
   5.8587491e+01	   2.3937071e+01	
   6.1412509e+01	   2.6062929e+01	
   6.2000000e+01	   6.2000000e+01	
   5.8643622e+01	   2.8866317e+01	
   6.1356378e+01	   3.1133683e+01	
   6.2000000e+01	   6.2000000e+01	
   5.8680243e+01	   3.3823888e+01	
   6.1319757e+01	   3.6176112e+01	
   6.2000000e+01	   6.2000000e+01	
   5.8858254e+01	   3.8650402e+01	
   6.1141746e+01	   4.1349598e+01	
   6.2000000e+01	   6.2000000e+01	
   5.8982424e+01	   4.3554476e+01	
   6.1017576e+01	   4.6445524e+01	
   6.2000000e+01	   6.2000000e+01	
   5.9076918e+01	   4.8492380e+01	
   6.0923082e+01	   5.1507620e+01	
   6.2000000e+01	   6.2000000e+01	
   5.9181436e+01	   5.3433171e+01	
   6.0818564e+01	   5.6566829e+01	
   6.2000000e+01	   6.2000000e+01	
   5.9285567e+01	   5.8383032e+01	
   6.0714433e+01	   6.1616968e+01	
   6.2000000e+01	   6.2000000e+01	
   5.9346223e+01	   6.3357570e+01	
   6.0653777e+01	   6.6642430e+01	
   6.2000000e+01	   6.2000000e+01	
   5.9364740e+01	   6.8350320e+01	
   6.0635260e+01	   7.1649680e+01	
   6.2000000e+01	   6.2000000e+01	
   5.9378013e+01	   7.3345270e+01	
   6.0621987e+01	   7.6654730e+01	
   6.2000000e+01	   6.2000000e+01	
   5.9403411e+01	   7.8335944e+01	
   6.0596589e+01	   8.1664056e+01	
   6.2000000e+01	   6.2000000e+01	
   5.9461547e+01	   8.3316234e+01	
   6.0538453e+01	   8.6683766e+01	
   6.2000000e+01	   6.2000000e+01	
   5.9690663e+01	   8.8259508e+01	
   6.0309337e+01	   9.1740492e+01	
   6.2000000e+01	   6.2000000e+01	
   5.8726828e+01	   9.3773610e+01	
   6.1273172e+01	   9.6226390e+01	
   6.2000000e+01	   6.2000000e+01	
   5.8565772e+01	   9.8966564e+01	
   6.1434228e+01	   1.0103344e+02	
   6.2000000e+01	   6.2000000e+01	
   5.8768045e+01	   1.0373221e+02	
   6.1231955e+01	   1.0626779e+02	
   6.2000000e+01	   6.2000000e+01	
   5.9223065e+01	   1.0841212e+02	
   6.0776935e+01	   1.1158788e+02	
   6.2000000e+01	   6.2000000e+01	
   5.9497253e+01	   1.1330523e+02	
   6.0502747e+01	   1.1669477e+02	
   6.2000000e+01	   6.2000000e+01	
   5.9058488e+01	   1.1850382e+02	
   6.0941512e+01	   1.2149618e+02	
   6.2000000e+01	   6.2000000e+01	
   6.3241701e+01	   1.8271222e-01	
   6.6758299e+01	  -1.8271222e-01	
   6.2000000e+01	   6.2000000e+01	
   6.3234643e+01	   5.0922753e+00	
   6.6765357e+01	   4.9077247e+00	
   6.2000000e+01	   6.2000000e+01	
   6.3233080e+01	   9.9453007e+00	
   6.6766920e+01	   1.0054699e+01	
   6.2000000e+01	   6.2000000e+01	
   6.3257174e+01	   1.4704099e+01	
   6.6742826e+01	   1.5295901e+01	
   6.2000000e+01	   6.2000000e+01	
   6.3346411e+01	   1.9374985e+01	
   6.6653589e+01	   2.0625015e+01	
   6.2000000e+01	   6.2000000e+01	
   6.3507150e+01	   2.4053217e+01	
   6.6492850e+01	   2.5946783e+01	
   6.2000000e+01	   6.2000000e+01	
   6.3672553e+01	   2.8832574e+01	
   6.6327447e+01	   3.1167426e+01	
   6.2000000e+01	   6.2000000e+01	
   6.3792362e+01	   3.3709027e+01	
   6.6207638e+01	   3.6290973e+01	
   6.2000000e+01	   6.2000000e+01	
   6.3883392e+01	   3.8629531e+01	
   6.6116608e+01	   4.1370469e+01	
   6.2000000e+01	   6.2000000e+01	
   6.4028485e+01	   4.3523126e+01	
   6.5971515e+01	   4.6476874e+01	
   6.2000000e+01	   6.2000000e+01	
   6.4116567e+01	   4.8468809e+01	
   6.5883433e+01	   5.1531191e+01	
   6.2000000e+01	   6.2000000e+01	
   6.4190121e+01	   5.3428664e+01	
   6.5809879e+01	   5.6571336e+01	
   6.2000000e+01	   6.2000000e+01	
   6.4321786e+01	   5.8367509e+01	
   6.5678214e+01	   6.1632491e+01	
   6.2000000e+01	   6.2000000e+01	
   6.4462111e+01	   6.3316054e+01	
   6.5537889e+01	   6.6683946e+01	
   6.2000000e+01	   6.2000000e+01	
   6.4557133e+01	   6.8288606e+01	
   6.5442867e+01	   7.1711394e+01	
   6.2000000e+01	   6.2000000e+01	
   6.4633516e+01	   7.3270639e+01	
   6.5366484e+01	   7.6729361e+01	
   6.2000000e+01	   6.2000000e+01	
   6.4703640e+01	   7.8257252e+01	
   6.5296360e+01	   8.1742748e+01	
   6.2000000e+01	   6.2000000e+01	
   6.4774508e+01	   8.3246674e+01	
   6.5225492e+01	   8.6753326e+01	
   6.2000000e+01	   6.2000000e+01	
   6.4896080e+01	   8.8235290e+01	
   6.5103920e+01	   9.1764710e+01	
   6.2000000e+01	   6.2000000e+01	
   6.5161103e+01	   9.3239589e+01	
   6.4838897e+01	   9.6760411e+01	
   6.2000000e+01	   6.2000000e+01	
   6.5517966e+01	   9.8309819e+01	
   6.4482034e+01	   1.0169018e+02	
   6.2000000e+01	   6.2000000e+01	
   6.4752509e+01	   1.0324964e+02	
   6.5247491e+01	   1.0675036e+02	
   6.2000000e+01	   6.2000000e+01	
   6.4334358e+01	   1.0836234e+02	
   6.5665642e+01	   1.1163766e+02	
   6.2000000e+01	   6.2000000e+01	
   6.4623126e+01	   1.1327287e+02	
   6.5376874e+01	   1.1672713e+02	
   6.2000000e+01	   6.2000000e+01	
   6.4726232e+01	   1.1825356e+02	
   6.5273768e+01	   1.2174644e+02	
   6.2000000e+01	   6.2000000e+01	
   6.8374949e+01	   6.9585242e-01	
   7.1625051e+01	  -6.9585242e-01	
   6.2000000e+01	   6.2000000e+01	
   6.8326467e+01	   5.5694610e+00	
   7.1673533e+01	   4.4305390e+00	
   6.2000000e+01	   6.2000000e+01	
   6.8282267e+01	   1.0417604e+01	
   7.1717733e+01	   9.5823957e+00	
   6.2000000e+01	   6.2000000e+01	
   6.8244778e+01	   1.5210227e+01	
   7.1755222e+01	   1.4789773e+01	
   6.2000000e+01	   6.2000000e+01	
   6.8235141e+01	   1.9898644e+01	
   7.1764859e+01	   2.0101356e+01	
   6.2000000e+01	   6.2000000e+01	
   6.8325409e+01	   2.4433656e+01	
   7.1674591e+01	   2.5566344e+01	
   6.2000000e+01	   6.2000000e+01	
   6.8572254e+01	   2.8957626e+01	
   7.1427746e+01	   3.1042374e+01	
   6.2000000e+01	   6.2000000e+01	
   6.8825778e+01	   3.3678561e+01	
   7.1174222e+01	   3.6321439e+01	
   6.2000000e+01	   6.2000000e+01	
   6.9006863e+01	   3.8537578e+01	
   7.0993137e+01	   4.1462422e+01	
   6.2000000e+01	   6.2000000e+01	
   6.9176473e+01	   4.3435774e+01	
   7.0823527e+01	   4.6564226e+01	
   6.2000000e+01	   6.2000000e+01	
   6.9410538e+01	   4.8333406e+01	
   7.0589462e+01	   5.1666594e+01	
   6.2000000e+01	   6.2000000e+01	
   6.9353862e+01	   5.3354550e+01	
   7.0646138e+01	   5.6645450e+01	
   6.2000000e+01	   6.2000000e+01	
   6.9368737e+01	   5.8348786e+01	
   7.0631263e+01	   6.1651214e+01	
   6.2000000e+01	   6.2000000e+01	
   6.9627253e+01	   6.3271978e+01	
   7.0372747e+01	   6.6728022e+01	
   6.2000000e+01	   6.2000000e+01	
   6.9866415e+01	   6.8237288e+01	
   7.0133585e+01	   7.1762712e+01	
   6.2000000e+01	   6.2000000e+01	
   7.0060563e+01	   7.3233271e+01	
   6.9939437e+01	   7.6766729e+01	
   6.2000000e+01	   6.2000000e+01	
   7.0207924e+01	   7.8244504e+01	
   6.9792076e+01	   8.1755496e+01	
   6.2000000e+01	   6.2000000e+01	
   7.0279620e+01	   8.3254488e+01	
   6.9720380e+01	   8.6745512e+01	
   6.2000000e+01	   6.2000000e+01	
   7.0235682e+01	   8.8248014e+01	
   6.9764318e+01	   9.1751986e+01	
   6.2000000e+01	   6.2000000e+01	
   7.0141845e+01	   9.3237933e+01	
   6.9858155e+01	   9.6762067e+01	
   6.2000000e+01	   6.2000000e+01	
   7.0217502e+01	   9.8245665e+01	
   6.9782498e+01	   1.0175434e+02	
   6.2000000e+01	   6.2000000e+01	
   7.0317671e+01	   1.0326101e+02	
   6.9682329e+01	   1.0673899e+02	
   6.2000000e+01	   6.2000000e+01	
   7.0171363e+01	   1.0824056e+02	
   6.9828637e+01	   1.1175944e+02	
   6.2000000e+01	   6.2000000e+01	
   7.0055113e+01	   1.1323309e+02	
   6.9944887e+01	   1.1676691e+02	
   6.2000000e+01	   6.2000000e+01	
   7.0086954e+01	   1.1823437e+02	
   6.9913046e+01	   1.2176563e+02	
   6.2000000e+01	   6.2000000e+01	
   7.3483574e+01	   9.0854471e-01	
   7.6516426e+01	  -9.0854471e-01	
   6.2000000e+01	   6.2000000e+01	
   7.3430636e+01	   5.8136925e+00	
   7.6569364e+01	   4.1863075e+00	
   6.2000000e+01	   6.2000000e+01	
   7.3382674e+01	   1.0713623e+01	
   7.6617326e+01	   9.2863774e+00	
   6.2000000e+01	   6.2000000e+01	
   7.3338306e+01	   1.5603135e+01	
   7.6661694e+01	   1.4396865e+01	
   6.2000000e+01	   6.2000000e+01	
   7.3296530e+01	   2.0472430e+01	
   7.6703470e+01	   1.9527570e+01	
   6.2000000e+01	   6.2000000e+01	
   7.3255281e+01	   2.5284527e+01	
   7.6744719e+01	   2.4715473e+01	
   6.2000000e+01	   6.2000000e+01	
   7.3239464e+01	   2.9840270e+01	
   7.6760536e+01	   3.0159730e+01	
   6.2000000e+01	   6.2000000e+01	
   7.3769451e+01	   3.3730847e+01	
   7.6230549e+01	   3.6269153e+01	
   6.2000000e+01	   6.2000000e+01	
   7.4237899e+01	   3.8404944e+01	
   7.5762101e+01	   4.1595056e+01	
   6.2000000e+01	   6.2000000e+01	
   7.4444804e+01	   4.3321680e+01	
   7.5555196e+01	   4.6678320e+01	
   6.2000000e+01	   6.2000000e+01	
   7.4662193e+01	   4.8264809e+01	
   7.5337807e+01	   5.1735191e+01	
   6.2000000e+01	   6.2000000e+01	
   7.5032360e+01	   5.3232529e+01	
   7.4967640e+01	   5.6767471e+01	
   6.2000000e+01	   6.2000000e+01	
   7.5227575e+01	   5.8246943e+01	
   7.4772425e+01	   6.1753057e+01	
   6.2000000e+01	   6.2000000e+01	
   7.5310609e+01	   6.3259735e+01	
   7.4689391e+01	   6.6740265e+01	
   6.2000000e+01	   6.2000000e+01	
   7.5507398e+01	   6.8306617e+01	
   7.4492602e+01	   7.1693383e+01	
   6.2000000e+01	   6.2000000e+01	
   7.5665043e+01	   7.3362100e+01	
   7.4334957e+01	   7.6637900e+01	
   6.2000000e+01	   6.2000000e+01	
   7.5762418e+01	   7.8405096e+01	
   7.4237582e+01	   8.1594904e+01	
   6.2000000e+01	   6.2000000e+01	
   7.5743938e+01	   8.3396393e+01	
   7.4256062e+01	   8.6603607e+01	
   6.2000000e+01	   6.2000000e+01	
   7.5458039e+01	   8.8292604e+01	
   7.4541961e+01	   9.1707396e+01	
   6.2000000e+01	   6.2000000e+01	
   7.5092561e+01	   9.3234658e+01	
   7.4907439e+01	   9.6765342e+01	
   6.2000000e+01	   6.2000000e+01	
   7.5061512e+01	   9.8233304e+01	
   7.4938488e+01	   1.0176670e+02	
   6.2000000e+01	   6.2000000e+01	
   7.5146262e+01	   1.0323829e+02	
   7.4853738e+01	   1.0676171e+02	
   6.2000000e+01	   6.2000000e+01	
   7.5180036e+01	   1.0824142e+02	
   7.4819964e+01	   1.1175858e+02	
   6.2000000e+01	   6.2000000e+01	
   7.5178943e+01	   1.1324131e+02	
   7.4821057e+01	   1.1675869e+02	
   6.2000000e+01	   6.2000000e+01	
   7.5205012e+01	   1.1824416e+02	
   7.4794988e+01	   1.2175584e+02	
   6.2000000e+01	   6.2000000e+01	
   7.8536600e+01	   9.9169613e-01	
   8.1463400e+01	  -9.9169613e-01	
   6.2000000e+01	   6.2000000e+01	
   7.8491942e+01	   5.9223664e+00	
   8.1508058e+01	   4.0776336e+00	
   6.2000000e+01	   6.2000000e+01	
   7.8453402e+01	   1.0856175e+01	
   8.1546598e+01	   9.1438252e+00	
   6.2000000e+01	   6.2000000e+01	
   7.8421659e+01	   1.5796141e+01	
   8.1578341e+01	   1.4203859e+01	
   6.2000000e+01	   6.2000000e+01	
   7.8398692e+01	   2.0748875e+01	
   8.1601308e+01	   1.9251125e+01	
   6.2000000e+01	   6.2000000e+01	
   7.8388882e+01	   2.5727530e+01	
   8.1611118e+01	   2.4272470e+01	
   6.2000000e+01	   6.2000000e+01	
   7.8406186e+01	   3.0764693e+01	
   8.1593814e+01	   2.9235307e+01	
   6.2000000e+01	   6.2000000e+01	
   7.8522172e+01	   3.5970064e+01	
   8.1477828e+01	   3.4029936e+01	
   6.2000000e+01	   6.2000000e+01	
   8.0919242e+01	   3.8490035e+01	
   7.9080758e+01	   4.1509965e+01	
   6.2000000e+01	   6.2000000e+01	
   8.0381144e+01	   4.3273811e+01	
   7.9618856e+01	   4.6726189e+01	
   6.2000000e+01	   6.2000000e+01	
   8.0258120e+01	   4.8251179e+01	
   7.9741880e+01	   5.1748821e+01	
   6.2000000e+01	   6.2000000e+01	
   8.0319893e+01	   5.3261418e+01	
   7.9680107e+01	   5.6738582e+01	
   6.2000000e+01	   6.2000000e+01	
   8.0582460e+01	   5.8330946e+01	
   7.9417540e+01	   6.1669054e+01	
   6.2000000e+01	   6.2000000e+01	
   8.0889723e+01	   6.3472455e+01	
   7.9110277e+01	   6.6527545e+01	
   6.2000000e+01	   6.2000000e+01	
   8.1029011e+01	   6.8562594e+01	
   7.8970989e+01	   7.1437406e+01	
   6.2000000e+01	   6.2000000e+01	
   8.1095950e+01	   7.3612955e+01	
   7.8904050e+01	   7.6387045e+01	
   6.2000000e+01	   6.2000000e+01	
   8.1126826e+01	   7.8637920e+01	
   7.8873174e+01	   8.1362080e+01	
   6.2000000e+01	   6.2000000e+01	
   8.1051118e+01	   8.3578680e+01	
   7.8948882e+01	   8.6421320e+01	
   6.2000000e+01	   6.2000000e+01	
   8.0546820e+01	   8.8318932e+01	
   7.9453180e+01	   9.1681068e+01	
   6.2000000e+01	   6.2000000e+01	
   8.0005273e+01	   9.3232241e+01	
   7.9994727e+01	   9.6767759e+01	
   6.2000000e+01	   6.2000000e+01	
   7.9952568e+01	   9.8232869e+01	
   8.0047432e+01	   1.0176713e+02	
   6.2000000e+01	   6.2000000e+01	
   8.0024249e+01	   1.0323240e+02	
   7.9975751e+01	   1.0676760e+02	
   6.2000000e+01	   6.2000000e+01	
   8.0095004e+01	   1.0823479e+02	
   7.9904996e+01	   1.1176521e+02	
   6.2000000e+01	   6.2000000e+01	
   8.0147587e+01	   1.1323840e+02	
   7.9852413e+01	   1.1676160e+02	
   6.2000000e+01	   6.2000000e+01	
   8.0198211e+01	   1.1824338e+02	
   7.9801789e+01	   1.2175662e+02	
   6.2000000e+01	   6.2000000e+01	
   8.3559719e+01	   1.0249835e+00	
   8.6440281e+01	  -1.0249835e+00	
   6.2000000e+01	   6.2000000e+01	
   8.3522635e+01	   5.9707697e+00	
   8.6477365e+01	   4.0292303e+00	
   6.2000000e+01	   6.2000000e+01	
   8.3491565e+01	   1.0921750e+01	
   8.6508435e+01	   9.0782497e+00	
   6.2000000e+01	   6.2000000e+01	
   8.3467646e+01	   1.5881414e+01	
   8.6532354e+01	   1.4118586e+01	
   6.2000000e+01	   6.2000000e+01	
   8.3453042e+01	   2.0855524e+01	
   8.6546958e+01	   1.9144476e+01	
   6.2000000e+01	   6.2000000e+01	
   8.3451575e+01	   2.5852866e+01	
   8.6548425e+01	   2.4147134e+01	
   6.2000000e+01	   6.2000000e+01	
   8.3470539e+01	   3.0886425e+01	
   8.6529461e+01	   2.9113575e+01	
   6.2000000e+01	   6.2000000e+01	
   8.3524233e+01	   3.5973197e+01	
   8.6475767e+01	   3.4026803e+01	
   6.2000000e+01	   6.2000000e+01	
   8.3635319e+01	   4.1123675e+01	
   8.6364681e+01	   3.8876325e+01	
   6.2000000e+01	   6.2000000e+01	
   8.6183835e+01	   4.3687165e+01	
   8.3816165e+01	   4.6312835e+01	
   6.2000000e+01	   6.2000000e+01	
   8.5963589e+01	   4.8517942e+01	
   8.4036411e+01	   5.1482058e+01	
   6.2000000e+01	   6.2000000e+01	
   8.5788396e+01	   5.3417776e+01	
   8.4211604e+01	   5.6582224e+01	
   6.2000000e+01	   6.2000000e+01	
   8.5824826e+01	   5.8436458e+01	
   8.4175174e+01	   6.1563542e+01	
   6.2000000e+01	   6.2000000e+01	
   8.6024336e+01	   6.3559258e+01	
   8.3975664e+01	   6.6440742e+01	
   6.2000000e+01	   6.2000000e+01	
   8.6183798e+01	   6.8687132e+01	
   8.3816202e+01	   7.1312868e+01	
   6.2000000e+01	   6.2000000e+01	
   8.3728095e+01	   7.6227704e+01	
   8.6271905e+01	   7.3772296e+01	
   6.2000000e+01	   6.2000000e+01	
   8.3691483e+01	   8.1188606e+01	
   8.6308517e+01	   7.8811394e+01	
   6.2000000e+01	   6.2000000e+01	
   8.6236919e+01	   8.3737054e+01	
   8.3763081e+01	   8.6262946e+01	
   6.2000000e+01	   6.2000000e+01	
   8.5532407e+01	   8.8314312e+01	
   8.4467593e+01	   9.1685688e+01	
   6.2000000e+01	   6.2000000e+01	
   8.4902267e+01	   9.3234937e+01	
   8.5097733e+01	   9.6765063e+01	
   6.2000000e+01	   6.2000000e+01	
   8.4865392e+01	   9.8237365e+01	
   8.5134608e+01	   1.0176263e+02	
   6.2000000e+01	   6.2000000e+01	
   8.4933883e+01	   1.0323347e+02	
   8.5066117e+01	   1.0676653e+02	
   6.2000000e+01	   6.2000000e+01	
   8.5013778e+01	   1.0823229e+02	
   8.4986222e+01	   1.1176771e+02	
   6.2000000e+01	   6.2000000e+01	
   8.5085656e+01	   1.1323431e+02	
   8.4914344e+01	   1.1676569e+02	
   6.2000000e+01	   6.2000000e+01	
   8.5151178e+01	   1.1823871e+02	
   8.4848822e+01	   1.2176129e+02	
   6.2000000e+01	   6.2000000e+01	
   8.8567080e+01	   1.0352490e+00	
   9.1432920e+01	  -1.0352490e+00	
   6.2000000e+01	   6.2000000e+01	
   8.8535293e+01	   5.9897638e+00	
   9.1464707e+01	   4.0102362e+00	
   6.2000000e+01	   6.2000000e+01	
   8.8508703e+01	   1.0949227e+01	
   9.1491297e+01	   9.0507726e+00	
   6.2000000e+01	   6.2000000e+01	
   8.8488162e+01	   1.5916159e+01	
   9.1511838e+01	   1.4083841e+01	
   6.2000000e+01	   6.2000000e+01	
   8.8474975e+01	   2.0894034e+01	
   9.1525025e+01	   1.9105966e+01	
   6.2000000e+01	   6.2000000e+01	
   8.8470941e+01	   2.5887118e+01	
   9.1529059e+01	   2.4112882e+01	
   6.2000000e+01	   6.2000000e+01	
   8.8478476e+01	   3.0899980e+01	
   9.1521524e+01	   2.9100020e+01	
   6.2000000e+01	   6.2000000e+01	
   8.8500635e+01	   3.5936431e+01	
   9.1499365e+01	   3.4063569e+01	
   6.2000000e+01	   6.2000000e+01	
   8.8540987e+01	   4.0998139e+01	
   9.1459013e+01	   3.9001861e+01	
   6.2000000e+01	   6.2000000e+01	
   8.8604719e+01	   4.6085445e+01	
   9.1395281e+01	   4.3914555e+01	
   6.2000000e+01	   6.2000000e+01	
   8.8702655e+01	   5.1200790e+01	
   9.1297345e+01	   4.8799210e+01	
   6.2000000e+01	   6.2000000e+01	
   9.1172442e+01	   5.3676981e+01	
   8.8827558e+01	   5.6323019e+01	
   6.2000000e+01	   6.2000000e+01	
   9.1120380e+01	   5.8632613e+01	
   8.8879620e+01	   6.1367387e+01	
   6.2000000e+01	   6.2000000e+01	
   9.1188035e+01	   6.3690964e+01	
   8.8811965e+01	   6.6309036e+01	
   6.2000000e+01	   6.2000000e+01	
   8.8711667e+01	   7.1210454e+01	
   9.1288333e+01	   6.8789546e+01	
   6.2000000e+01	   6.2000000e+01	
   8.8633576e+01	   7.6121555e+01	
   9.1366424e+01	   7.3878445e+01	
   6.2000000e+01	   6.2000000e+01	
   8.8591687e+01	   8.1068482e+01	
   9.1408313e+01	   7.8931518e+01	
   6.2000000e+01	   6.2000000e+01	
   8.8645134e+01	   8.6135490e+01	
   9.1354866e+01	   8.3864510e+01	
   6.2000000e+01	   6.2000000e+01	
   9.0405716e+01	   8.8279420e+01	
   8.9594284e+01	   9.1720580e+01	
   6.2000000e+01	   6.2000000e+01	
   8.9796849e+01	   9.3243945e+01	
   9.0203151e+01	   9.6756055e+01	
   6.2000000e+01	   6.2000000e+01	
   8.9790888e+01	   9.8244645e+01	
   9.0209112e+01	   1.0175536e+02	
   6.2000000e+01	   6.2000000e+01	
   8.9861721e+01	   1.0323765e+02	
   9.0138279e+01	   1.0676235e+02	
   6.2000000e+01	   6.2000000e+01	
   8.9943948e+01	   1.0823312e+02	
   9.0056052e+01	   1.1176688e+02	
   6.2000000e+01	   6.2000000e+01	
   9.0022288e+01	   1.1323237e+02	
   8.9977712e+01	   1.1676763e+02	
   6.2000000e+01	   6.2000000e+01	
   9.0094533e+01	   1.1823476e+02	
   8.9905467e+01	   1.2176524e+02	
   6.2000000e+01	   6.2000000e+01	
