>
-17.583997475182624 64.48571957435962
-17.616019365590596 64.51427859205768
>
-17.596317328419094 64.52933464887322
-17.612231013027518 64.56030606754867
>
-17.606536726596957 64.57380483416722
-17.610575352644464 64.60547666279972
>
-17.61455915260974 64.61861781036569
-17.61115042689745 64.65030321924208
>
-17.619273827103466 64.66344594585053
-17.615068716338392 64.69511372268921
>
-17.62291069823498 64.70825076268049
-17.620097851423445 64.73994670980795
>
-17.625574707756336 64.75305837933297
-17.626132948336124 64.78477603132195
>
-17.624961583365128 64.79803510612614
-17.63548109710046 64.82943517141133
>
-17.620530238785154 64.84386686327505
-17.64868314034083 64.8732374513341
>
-17.619633897307555 64.88981023488236
-17.65837758412766 64.91692723474316
>
-17.622676369257853 64.93498796646836
-17.664162541183828 64.96138262907613
>
-17.62696537425616 64.97983434966287
-17.66873303911242 65.00616884131288
>
-17.6312452872559 65.0246876932558
-17.6733456121117 65.0509472223777
>
-17.634839110029567 65.06974835284231
-17.67867776203725 65.09551721962112
>
-17.637001899262017 65.11530951035014
-17.685474683724024 65.1395853897614
>
-17.694466603281665 65.18253713815758
-17.637002355597463 65.16198535695561
>
-17.703876233612977 65.22430481926231
-17.636614752997684 65.20984397601651
>
-17.710758827801744 65.26680408395232
-17.638787007375043 65.2569710896392
>
-17.71600878628909 65.31069945162406
-17.642628693483886 65.30270196917502
>
-17.720684994251968 65.3554316535774
-17.6470804740614 65.34759542025768
>
-17.725107019758244 65.40059131260138
-17.651821974847476 65.39206064335865
>
-17.72935619191547 65.4459764642671
-17.65677150222113 65.43629964340454
>
-17.7334502701418 65.49148963792625
-17.66191117828972 65.48040979900637
>
-17.737383143549188 65.53708488355731
-17.667247138683855 65.52443708551212
>
-17.741129674994795 65.58274541638882
-17.672804609424876 65.56839829296446
>
-17.530611437196146 64.49640668800859
-17.461397761196007 64.50718589775074
>
-17.53627122692434 64.54356043913971
-17.46394196281137 64.54967983326839
>
-17.496758316228064 64.57591640310423
-17.511700368096157 64.60697988058726
>
-17.509444173325633 64.62041883301156
-17.50726343394322 64.65212464286682
>
-17.51808793665943 64.66541671914834
-17.50690351161749 64.6967725244468
>
-17.52381911371071 64.7103560350838
-17.50949010079728 64.74147819864393
>
-17.52864902843017 64.7552347990706
-17.51300965356325 64.78624365671038
>
-17.531936447189306 64.79997772282083
-17.518104255388213 64.83114426981848
>
-17.52907698669872 64.84452326797953
-17.529383931835167 64.8762416306008
>
-17.52270313900665 64.8900154799415
-17.544212915782467 64.9203903801957
>
-17.523906128676174 64.93528088066103
-17.55148742130388 64.9647654149949
>
-17.528034431561828 64.98011814088015
-17.555865267684627 65.00956823906209
>
-17.5324428025181 65.02491053275325
-17.55999446257731 65.05441514292177
>
-17.53641976803008 65.0697777657053
-17.564587305198557 65.09918628204942
>
-17.539268744262635 65.11485410065346
-17.57034114461224 65.14374724653767
>
-17.538206829560263 65.16092043137363
-17.580040594859177 65.18731634893469
>
-17.596832371059797 65.22637126640502
-17.530078818478003 65.21149694526383
>
-17.604800551087646 65.26709987066496
-17.53079972930423 65.26040175886612
>
-17.609546462795166 65.31122691193956
-17.534783200727862 65.3059087677925
>
-17.613867138775245 65.35633502937311
-17.539227462920397 65.35043406450028
>
-17.61800512119189 65.40179391034447
-17.54388841729726 65.39460781954718
>
-17.621986408938362 65.44740687274538
-17.54873966706971 65.43862678177862
>
-17.625805160765108 65.49310143769762
-17.553786980124453 65.48256334875568
>
-17.629437151749666 65.53885567002392
-17.559054649100386 65.52643948852293
>
-17.632828980849435 65.58467597238702
-17.564596191566853 65.57024881468993
>
-17.423877521404528 64.4956007657322
-17.360120019422006 64.51144691619763
>
-17.42820033890331 64.54068885725695
-17.363655230090927 64.55601404205783
>
-17.432086901324436 64.5854314574124
-17.367654943949773 64.60092605304112
>
-17.403228147577472 64.62215123502607
-17.404448413672117 64.65386697252524
>
-17.413729832411146 64.66717961673532
-17.401883660572967 64.69849134162493
>
-17.42315432498358 64.71256355044783
-17.400427033825263 64.74275894451341
>
-17.42917687607051 64.75769139309705
-17.402405604204972 64.78728211166559
>
-17.435037408026144 64.80284029806093
-17.404576036415378 64.83178338714987
>
-17.438735466233965 64.84759785261011
-17.408940621061415 64.87667561635887
>
-17.435613589596628 64.89144524578332
-17.420161949767255 64.92247818867268
>
-17.433515571234363 64.93594043954636
-17.430389337973637 64.96763144343821
>
-17.435354047698375 64.98075290633572
-17.436705969262178 65.01246625781397
>
-17.43815807543206 65.02559536875967
-17.4420862882573 65.05727023014894
>
-17.441457253438394 65.07043969807535
-17.447001378608576 65.1020715201684
>
-17.445438637357885 65.11526654646981
-17.451264176864626 65.14688949787475
>
-17.450373036368955 65.16006612227893
-17.454603661155673 65.19173396789589
>
-17.45951229638541 65.20490878913712
-17.453764283555387 65.23653449501404
>
-17.498654180934764 65.26515801076627
-17.42296139326788 65.26591821592802
>
-17.502870159431946 65.31113176529787
-17.427117088146986 65.3095860086572
>
-17.506925149576738 65.35701771239707
-17.431465033518876 65.35334087830083
>
-17.510821762479644 65.4028991908449
-17.436002970534172 65.39709945531843
>
-17.51455474206605 65.44877794255484
-17.44073632209375 65.44086007739793
>
-17.51810738508397 65.49466466146366
-17.44568190495165 65.48461197377897
>
-17.52143499710217 65.54058594768985
-17.45088461836194 65.52832858497409
>
-17.524432834196634 65.58659202144692
-17.456449380790648 65.57195972749489
>
-17.317812655517727 64.49589022563116
-17.2581476148079 64.51446530945607
>
-17.32204998101909 64.54098276524363
-17.26142723657696 64.55903460621512
>
-17.324889822655297 64.58523279084154
-17.266131009264996 64.60444620335191
>
-17.323499978031123 64.62767850561414
-17.275092250180727 64.65166282251337
>
-17.31155616101846 64.66906059940351
-17.294647714116017 64.6999438226073
>
-17.30812710837651 64.71348022515515
-17.305712753450315 64.74518351908965
>
-17.324281401475602 64.75939023903764
-17.297200903801407 64.7889304215469
>
-17.333004427262825 64.80520660932636
-17.29615796169818 64.83277032299875
>
-17.339696479281322 64.85078631101145
-17.297176700535232 64.87684639049958
>
-17.341555479482743 64.89505240400622
-17.30305997609951 64.92223656785951
>
-17.34154674884268 64.93900938225921
-17.310841531453057 64.96793541831346
>
-17.34174582705333 64.98322605200462
-17.31844467435314 65.01337355032233
>
-17.34233414068825 65.02766199790427
-17.325687658500517 65.05859138979773
>
-17.34388630615051 65.07229328066411
-17.331995140520974 65.10361288573951
>
-17.346692188516837 65.1170495293007
-17.337076895894533 65.14850848313442
>
-17.35142156639393 65.16191973459547
-17.340262447850066 65.19328920346895
>
-17.36048437813312 65.20721567300826
-17.33913945262277 65.23764291728908
>
-17.384413346199267 65.25792329747675
-17.323176254858474 65.27657925941024
>
-17.395470061901154 65.3102198040247
-17.32014106620927 65.31392811813764
>
-17.39978342455908 65.35755513225313
-17.323870366810883 65.35624042936641
>
-17.403528203718583 65.40397981998916
-17.328195963516567 65.39946285730429
>
-17.407042244535294 65.45013340323649
-17.332781896630898 65.44295576836109
>
-17.41034644438135 65.4961987741751
-17.33760789643279 65.4865361718923
>
-17.413370585445787 65.54228406147591
-17.342744560559606 65.53009599023713
>
-17.415899293776572 65.58852303872396
-17.348407567299216 65.57350153155289
>
-17.213481247587595 64.49729267400335
-17.154415944623633 64.51622307971975
>
-17.218509495202962 64.5429898882378
-17.156564240410997 64.56019365437463
>
-17.221038417575915 64.58711940465544
-17.161236359441432 64.60573219836519
>
-17.21934323493485 64.62941337837901
-17.17015897308225 64.65310702979863
>
-17.21643197924934 64.67224399860794
-17.180328230424564 64.69994436098895
>
-17.210059499177767 64.7154435971196
-17.193991656751397 64.74641180442765
>
-17.202074236360748 64.75997504046546
-17.209298832584288 64.79154520946332
>
-17.22333687026299 64.80589396908147
-17.195352159816164 64.83528889887674
>
-17.23655646231483 64.85311819852596
-17.189488831947802 64.87772530524228
>
-17.239696643135215 64.8977485391574
-17.193738678135997 64.92275738586613
>
-17.24017113847891 64.94161182993471
-17.200683092461787 64.9685564939892
>
-17.239829519696546 64.98550946438317
-17.208472608576905 65.01432052150798
>
-17.24020615678989 65.02976345515833
-17.215571679072685 65.0597270880987
>
-17.241874770022687 65.07431408898208
-17.22140567092004 65.1048359297644
>
-17.24390337753948 65.11895371769417
-17.226907434331242 65.14985491036613
>
-17.246687890262123 65.16369060402874
-17.231680697656373 65.19477575417159
>
-17.252317689036094 65.20869429777368
-17.233633848379267 65.23942871823806
>
-17.264960453855917 65.25497786692547
-17.22859620940601 65.28279964958892
>
-17.285921063662347 65.30793469196601
-17.21528116456922 65.31949206580391
>
-17.292411752437477 65.3579790469877
-17.216475202810233 65.35910093562238
>
-17.296129409663344 65.40508568057615
-17.220463974693946 65.4016481543752
>
-17.299458640295562 65.45147833291188
-17.224868102831252 65.4449087315183
>
-17.302551108012356 65.49767260804313
-17.229537504258047 65.48836705702274
>
-17.30529133067089 65.54390420103475
-17.23458835979406 65.53178745224058
>
-17.30716085142502 65.59051016157031
-17.240539728240755 65.57483307661829
>
-17.11133096869162 64.50000693379815
-17.048478608153143 64.5165212024214
>
-17.11667873777265 64.54634454134187
-17.049967685412327 64.55985717884943
>
-17.119075389617986 64.59026788951753
-17.05442881469978 64.60560799021142
>
-17.117937427055445 64.63228578755763
-17.062448261955318 64.65326490016078
>
-17.114691326025724 64.67455835121454
-17.072605536775846 64.70066673372384
>
-17.10997818059376 64.71757125680585
-17.08426024445028 64.74732712557659
>
-17.103241731540535 64.76146465198184
-17.097968731792808 64.7931054622799
>
-17.10098293668859 64.80631550353529
-17.107220937871535 64.8379245262596
>
-17.11247138220816 64.85123009782271
-17.102735659143548 64.88267907618828
>
-17.128071883939043 64.8976553311183
-17.09416144185381 64.92592057768975
>
-17.130697061093716 64.94229428088796
-17.098601589079173 64.97094954209902
>
-17.131414339668805 64.98661461459182
-17.10497771520693 65.01629672131918
>
-17.133730285339706 65.03125732932303
-17.10978026190811 65.06132043087116
>
-17.13779394083233 65.0761585392881
-17.11285993695519 65.1060846127944
>
-17.14054342631725 65.12086912251856
-17.117281806260017 65.15103888241846
>
-17.141209698677113 65.16535358286644
-17.123816009579233 65.19621878034401
>
-17.143576345660303 65.21006956733409
-17.128675095024494 65.24116614659758
>
-17.150982153602218 65.25530344527887
-17.128516630229516 65.28559428441378
>
-17.169630910385013 65.30382895854326
-17.11713658757769 65.32672680189835
>
-17.184723602189496 65.35806349805893
-17.109366862713536 65.3621483622124
>
-17.18866345476965 65.40615711446138
-17.11277014387949 65.40371483182193
>
-17.19187968285137 65.45267065196506
-17.116920181010393 65.4468609721647
>
-17.194878405382493 65.49886202593487
-17.12131451484565 65.49032865340419
>
-17.197502952515915 65.54512802522225
-17.12611096298218 65.53372113240945
>
-17.197839770547212 65.59278309713129
-17.13322531320389 65.57572477335036
>
-17.009758308784427 64.50352483846083
-16.941940940982878 64.51586839504685
>
-17.01398533408445 64.54940615200567
-16.94420913851841 64.55966681746845
>
-17.016127401426694 64.592959306366
-16.94858113335558 64.60579366197972
>
-17.01658539623831 64.63553777676383
-16.95466008406099 64.652895174876
>
-17.016556418117467 64.6784988877382
-16.961252162483564 64.69961339388774
>
-17.016619226638298 64.72195175050803
-16.967778349617817 64.74583895292805
>
-17.01336623524725 64.76482407903208
-16.977647844209862 64.79264503989026
>
-16.99929896094548 64.8077143125727
-16.998370750921538 64.83943272368828
>
-17.000431508440265 64.85256790108518
-17.003903070016097 64.88425421199481
>
-17.010887712403516 64.89755329005901
-17.000125494294785 64.92894304993074
>
-17.018849531513517 64.94280007764294
-16.998870347440377 64.97336945245041
>
-17.021060317362828 64.98750764245041
-17.003397532750864 65.01833495036828
>
-17.025790772891515 65.03249151015639
-17.005427445709437 65.06302310833472
>
-17.033850822026093 65.07802128074272
-17.004149836924313 65.1071640375996
>
-17.03856297071432 65.12310044741054
-17.0062489397832 65.15175534137525
>
-17.037551138480715 65.16718831912848
-17.014102820112985 65.19733828554081
>
-17.0352062314228 65.2114359825095
-17.023317607153274 65.24276055791442
>
-17.03882752862146 65.25628161009853
-17.02658543076086 65.28758346331554
>
-17.04861135777216 65.30178533404543
-17.023709932582946 65.33174679848771
>
-17.074031421913745 65.35486222542286
-17.005227495585174 65.368330214969
>
-17.081183720712584 65.40635326562216
-17.005060047158665 65.40650376954149
>
-17.084582392651594 65.45273985635403
-17.008659728120605 65.44978282648364
>
-17.087943344781408 65.4983304126204
-17.012321297658676 65.49385724457666
>
-17.09191045594573 65.54085688478918
-17.015394470515375 65.54099474171264
>
-17.077502491582116 65.57231577649075
-17.036855607663504 65.59920623869205
>
-16.906845895471488 64.50622596379455
-16.836718626576598 64.51588593448427
>
-16.910108833644546 64.55124646364388
-16.839607613846027 64.5605510085478
>
-16.91161692298107 64.59422667455381
-16.84426956138739 64.60725650173173
>
-16.911915873506228 64.63684778056695
-16.85016367928988 64.6543208681704
>
-16.912872401668395 64.6804061065435
-16.85542535920836 64.70044694743534
>
-16.914254989493116 64.72437829375488
-16.860284760683047 64.74615824116162
>
-16.915791776746442 64.7685232802296
-16.86501340974737 64.791695935436
>
-16.914793301987263 64.81192479299642
-16.872301806725886 64.83797712502697
>
-16.90741759490301 64.85459968183388
-16.885997926018717 64.88498516712579
>
-16.892435302573254 64.89909067971277
-16.907336254918114 64.9301744955401
>
-16.906275930284274 64.94367076768684
-16.8998420404894 64.97527402289293
>
-16.905287016609822 64.98845673651047
-16.907218367160528 65.02016667264282
>
-16.91632139693171 65.03355803668337
-16.902581048970813 65.06474294974312
>
-16.93224582270448 65.08044737838918
-16.893074812913095 65.10752855365843
>
-16.93736183964295 65.12579409467168
-16.894411814701556 65.15185776916407
>
-16.937207953852475 65.16974271611895
-16.901046146827554 65.19758576791502
>
-16.93022971665829 65.21298819039453
-16.914536852583357 65.24401704927534
>
-16.927665310095453 65.25750276656846
-16.923635106652227 65.28917714661159
>
-16.933060329771127 65.30241168007987
-16.92478916185064 65.33394175417604
>
-16.941481621623602 65.3476327968955
-16.92293825686442 65.37839308858165
>
-16.95827186499791 65.39513773752414
-16.912737842005544 65.4205575433623
>
-16.971043171863332 65.44420389479602
-16.90659369386973 65.46115939551427
>
-16.974138647202164 65.48885501824716
-16.910149049450524 65.50617913551714
>
-16.970780923183543 65.53045632000739
-16.920181384030325 65.55425041075786
>
-16.971217022018283 65.57431541718552
-16.926448027401705 65.60006156102487
>
-16.802949904499524 64.50776409333939
-16.732455143337248 64.51691990399584
>
-16.80587758902911 64.55255972887238
-16.735337251781942 64.56181509212117
>
-16.807245273303074 64.59556440632052
-16.73979678000326 64.60850129235045
>
-16.805958747273333 64.6373144242958
-16.74693126392883 64.65644252969648
>
-16.80671082413754 64.68101125534473
-16.75205257482348 64.70243529516746
>
-16.808468455438685 64.72530618236073
-16.75619060657722 64.74782886293563
>
-16.81037274990409 64.7697041760523
-16.760203892958646 64.79311860695208
>
-16.81088383344232 64.81365689329053
-16.765632857410164 64.83885335836862
>
-16.810052748743672 64.85740254375351
-16.772427376904087 64.88479475220022
>
-16.811203987751774 64.90181125439673
-16.777260952145383 64.93007177789957
>
-16.82944649652285 64.95270433635928
-16.765022468145784 64.96885830108498
>
-16.836986782067683 65.00881491950986
-16.763538378817493 65.00242949195807
>
-16.810177995310177 65.03487775218882
-16.79638111092314 65.06605860456506
>
-16.8382426880644 65.08692250269367
-16.77437728144522 65.10368994961102
>
-16.834040332446314 65.12816496710137
-16.78467336085439 65.15213206586814
>
-16.834859645317557 65.17223762926255
-16.789973366923928 65.19774125554255
>
-16.83683850061195 65.21674076772625
-16.79413654938993 65.2429188932595
>
-16.826072371647573 65.25912497245916
-16.81107968404359 65.29021707010054
>
-16.823837112572285 65.30367681675612
-16.819509005936183 65.33534462325899
>
-16.833538855018187 65.34891756146946
-16.816010713361766 65.37978180254457
>
-16.843751842042323 65.39477108876792
-16.812025147620588 65.42360485678768
>
-16.853642652945656 65.44126010647274
-16.808387826320867 65.46679110828863
>
-16.85998834003609 65.48718073983638
-16.80832294825785 65.51054576452948
>
-16.862242125279007 65.53167140805436
-16.812374974006445 65.55573101260448
>
-16.865129788102973 65.57639643446575
-16.815816982445313 65.60068100015717
>
-16.698513779255148 64.50850740646857
-16.62870895024009 64.51860189235458
>
-16.701227492237983 64.55325690638571
-16.631463202462648 64.56354811157352
>
-16.70341837764203 64.59739635091904
-16.63475900048331 64.60910395972884
>
-16.70334208295285 64.6397792603592
-16.640339235071746 64.65641667926572
>
-16.70116605047864 64.6818852357171
-16.648041629345023 64.70400632305282
>
-16.702933339337495 64.72628832745663
-16.65182334460315 64.74929659022183
>
-16.70538628523252 64.77098518411658
-16.654939887020106 64.79429217770029
>
-16.706632380990776 64.81524042665515
-16.659284170071807 64.83972909863343
>
-16.706783550445273 64.85922696102892
-16.664744851439046 64.88543433729032
>
-16.70801938208926 64.90363018509613
-16.669141493134706 64.93072184433318
>
-16.71232643002651 64.94886841610331
-16.67048602490099 64.97517284705224
>
-16.71811953726024 64.99463612825781
-16.670365131005223 65.0190932113808
>
-16.698168698985647 65.03585664605806
-16.696031322499778 65.06756471648414
>
-16.731720077121263 65.10505763082425
-16.66821724493117 65.08804458447463
>
-16.729880479920663 65.13035949114133
-16.675751420936393 65.15243159868899
>
-16.72826516324834 65.17352647418024
-16.683126396109802 65.19895235560566
>
-16.732474613839774 65.2187883071147
-16.68469675319045 65.24337570319865
>
-16.73765402111445 65.26445791231225
-16.68531888676981 65.28739025602569
>
-16.741226407587973 65.30955171122109
-16.687570306393194 65.33198046415454
>
-16.743749712950287 65.35421081253727
-16.690892803815917 65.37700506741622
>
-16.74276405975016 65.39765930409644
-16.697747399176368 65.42324068235439
>
-16.746688779701625 65.44279678016888
-16.69971233762803 65.46778516874215
>
-16.75266413797912 65.48871166014256
-16.6996486452237 65.51155083732861
>
-16.75629718138437 65.53380541489692
-16.701950373927392 65.55613771410324
>
-16.759665395681143 65.57879037186952
-16.704539519343445 65.60083280912664
>
-16.593927013234612 64.50905952372354
-16.525093243349037 64.52032806065907
>
-16.596261050339415 64.55359678769737
-16.52788490198315 64.56549119280334
>
-16.598282705277946 64.59783945447475
-16.531007168452327 64.61094840864038
>
-16.599948991742494 64.64184055735298
-16.53450335553991 64.65664668846452
>
-16.60105016004646 64.68555482348663
-16.538583456964776 64.70263137665215
>
-16.60028583541698 64.72846438101485
-16.544548088442056 64.74942080892781
>
-16.600824576072355 64.77236817585965
-16.549230504762935 64.79521474893292
>
-16.602013800226334 64.8166435746174
-16.553282102064195 64.84063615910158
>
-16.602650889720966 64.8607952959476
-16.557905680070526 64.88618072857533
>
-16.60348479173193 64.90509282277662
-16.56235219301162 64.93157872724677
>
-16.604980750501568 64.94962173813389
-16.56615606752206 64.97674446790857
>
-16.605379723232165 64.99392602344915
-16.571077566593814 65.0221344208164
>
-16.60268294039188 65.03781729935864
-16.579117889707096 65.06793719964375
>
-16.604747410419744 65.08257780308695
-16.582412662849997 65.11286915991617
>
-16.616135607288143 65.12909177641
-16.576395645478566 65.15604512233072
>
-16.626534028457986 65.17657904752049
-16.571393606538074 65.19824649022515
>
-16.62463419684201 65.21965711783061
-16.578713205399946 65.24486036379396
>
-16.627047918328167 65.26439301864313
-16.581738972662777 65.28981429720457
>
-16.630200842412624 65.30935913575782
-16.584045701398065 65.3345371366557
>
-16.632210910179918 65.35396380911402
-16.58751636295016 65.37962110778794
>
-16.634572154883795 65.39868022789999
-16.59065641228762 65.42459254350936
>
-16.64010717600243 65.44440719338299
-16.590642226686132 65.46855186490575
>
-16.648248626231293 65.49155698662202
-16.588043930519575 65.5110865892016
>
-16.651807907657084 65.5367972799363
-16.590048884955486 65.5555317825876
>
-16.654456021081796 65.58152925591766
-16.59298565062845 65.60048500662455
>
-16.48991314302414 64.51023302967235
-16.420887470119062 64.52128545868707
>
-16.492123704754334 64.55481734050711
-16.423460770413637 64.56640580638664
>
-16.494077300445483 64.59914627732647
-16.42630806946697 64.6117810085111
>
-16.495264676919856 64.64286296777978
-16.429938178278 64.65776814857499
>
-16.495674079366896 64.68625241379915
-16.43436395091726 64.70408219892792
>
-16.497718743876007 64.73083686434812
-16.437174119405135 64.74919989568036
>
-16.4987404718487 64.77486586096275
-16.441024699185995 64.79487280706124
>
-16.497512001890684 64.8180339292443
-16.447143882218658 64.84140677021668
>
-16.497665100641246 64.8620428416248
-16.451900575088874 64.8870986508451
>
-16.498175950912934 64.90628012231895
-16.456318016985534 64.9325613488546
>
-16.498674705613546 64.95059283013714
-16.460766166261088 64.97794792806897
>
-16.498794099140284 64.9948957996706
-16.465612642343945 65.02334363422723
>
-16.499056716693822 65.0393130340295
-16.4703345662394 65.06862433020697
>
-16.50132471286975 65.08411721427836
-16.4730679999118 65.11351702437943
>
-16.504870743962037 65.12914525051909
-16.474540940667335 65.15818497587696
>
-16.50815851129174 65.17413430987537
-16.476291212719634 65.20289130391937
>
-16.512142343446524 65.21927614918945
-16.477363792599196 65.24744404760241
>
-16.521334211042408 65.26595111374563
-16.47324472725524 65.29046152595626
>
-16.5230269088657 65.31049974547808
-16.476648020078457 65.33560677982659
>
-16.525420396253523 65.35528121522638
-16.479369500934542 65.38051833641897
>
-16.526124436297764 65.39956176906325
-16.483800591089015 65.42593063050349
>
-16.521804979540093 65.4428838167771
-16.493279034880345 65.4723018981852
>
-16.517274191359977 65.48685865705937
-16.502990585190066 65.51801909103776
>
-16.533818883058082 65.53405053291804
-16.491625804725466 65.56051505931644
>
-16.54693206760659 65.58314914594483
-16.48372474576399 65.60110258338712
>
-16.387112252665354 64.51309215337709
-16.31545538426024 64.5204095203211
>
-16.389297433047062 64.55777870834503
-16.317712229450528 64.56543154609223
>
-16.391176572048415 64.6019860192071
-16.3202902523599 64.61093233296313
>
-16.392200253890078 64.64528906184164
-16.32373819082333 64.65733716794591
>
-16.39197215998334 64.68798943171014
-16.32845393376313 64.7043445690257
>
-16.391644315007735 64.73121291308777
-16.33328795839343 64.75082818080173
>
-16.3927413017316 64.77544150598614
-16.336715276623018 64.79630543560772
>
-16.394266690561945 64.81992005626361
-16.339731182376067 64.84153192976076
>
-16.39275480689656 64.86325064569922
-16.345801766372674 64.88790676417835
>
-16.392412351881518 64.90726608898873
-16.350720542863076 64.93359560270821
>
-16.39271333945379 64.95157887931298
-16.3550129544117 64.97898621218906
>
-16.39280503277449 64.99591928760147
-16.359532178800468 65.02434856702342
>
-16.39291032663358 65.04034071976594
-16.364055237563427 65.06962920012457
>
-16.393952975874083 65.08497464298864
-16.367657514487387 65.11469649119421
>
-16.395906230151322 65.12976329883018
-16.37036571726478 65.15960825197203
>
-16.397979870169358 65.17457034610347
-16.372970886998203 65.20450097197465
>
-16.39980018006505 65.21934114704173
-16.37584720666607 65.24942935000456
>
-16.400921612030896 65.2640250345876
-16.379440801792807 65.29444411143724
>
-16.39836300654987 65.30841068236315
-16.386736396129184 65.33975682898149
>
-16.421701591493346 65.35767700060619
-16.368131059661653 65.38018323936014
>
-16.42769036534183 65.40422285235529
-16.366910345527558 65.4233326503156
>
-16.425658160508085 65.44700940273752
-16.373727006243474 65.47024366720198
>
-16.418120166123664 65.48907786140127
-16.386073903799943 65.51787327264583
>
-16.414573664595007 65.53302164093242
-16.394447966308128 65.56362520250251
>
-16.426614257770435 65.57956085423957
-16.387238573790324 65.60677820125197
>
-16.283856956280164 64.51899810113338
-16.210470302100845 64.5163397931052
>
-16.286076570451993 64.56304098047912
-16.21234888793058 64.56200908955651
>
-16.28816531176344 64.60657735529954
-16.214371985585977 64.60818433875953
>
-16.289684438348534 64.64927281271751
-16.216977638929517 64.65520017941515
>
-16.289806193157375 64.69119125226318
-16.220994581572626 64.70299307688941
>
-16.28843122873411 64.73318841146231
-16.226525511674737 64.75070721975683
>
-16.2869978377517 64.77609335492747
-16.23213356676454 64.79751281416317
>
-16.28656229237482 64.81986076388944
-16.236760881976252 64.84345482795642
>
-16.28675201426903 64.86401784049758
-16.240778929758815 64.88900627946286
>
-16.285789320755082 64.90794312952798
-16.245966000266943 64.93478916622401
>
-16.286053143589523 64.95232502738381
-16.249941975861283 64.98011441458036
>
-16.286632692159152 64.99683114151145
-16.25361795363011 65.02531471517321
>
-16.285971976236734 65.04115913341906
-16.25855132449861 65.07069272427599
>
-16.28512984403204 65.08557546201797
-16.263682571296677 65.11598170088443
>
-16.285261224785756 65.13019861504662
-16.267855534753558 65.16106301299851
>
-16.28579570750847 65.17490314821347
-16.271641163655904 65.20606223869598
>
-16.286468567099828 65.21964735359623
-16.275304521384474 65.2510211316983
>
-16.287129785794384 65.26441662349862
-16.27899587112224 65.29595431586762
>
-16.28670614228256 65.30918768045224
-16.283789802467755 65.34088509391543
>
-16.28320661541089 65.35412538484972
-16.291679808596832 65.38564840337361
>
-16.277748079502874 65.39967089212415
-16.301547116673984 65.42980257332364
>
-16.296410726498546 65.44384090464538
-16.28728218618346 65.47533330172975
>
-16.307714553735114 65.48962383230761
-16.280401933593758 65.51924859140654
>
-16.303674497307206 65.5337242677396
-16.28889909005625 65.56484768594241
>
-16.30367626495295 65.57841923358632
-16.293367257160398 65.60985096080107
>
-16.17714195150373 64.52449461824288
-16.108928201458156 64.51253399510391
>
-16.1800402141007 64.56820986280907
-16.109785662611685 64.55853393010636
>
-16.182849052379893 64.6116970335862
-16.110745520121643 64.60476136243494
>
-16.185505351153598 64.65468692176546
-16.111870202360414 64.65148554530559
>
-16.18754588482092 64.6967463279173
-16.113621829012647 64.69913990870398
>
-16.187435357867876 64.73744605081214
-16.117535571631954 64.74815439664029
>
-16.184028388283675 64.77807279514741
-16.12476322165255 64.79724258076095
>
-16.180548454179895 64.820467371336
-16.13208455502192 64.84456195674753
>
-16.178640437279842 64.86408829273064
-16.137850331440422 64.89065357106944
>
-16.176984761003915 64.90805850804529
-16.14337895079407 64.93639502929379
>
-16.173960032442096 64.95203413949909
-16.1502930406533 64.98213051768917
>
-16.177138020263698 64.99706904374574
-16.151013170880105 65.0268049821195
>
-16.17879741875461 65.0418741883803
-16.15326791870046 65.07170885393454
>
-16.175252661053534 65.08608247517172
-16.16074698839041 65.1172096519908
>
-16.172125819247466 65.13066504818244
-16.16782294516969 65.16233514322391
>
-16.169961978592347 65.17551498872255
-16.173949696532468 65.20719234990194
>
-16.16879776796257 65.22049367699627
-16.179090448746877 65.25192005386445
>
-16.16925012935314 65.2654483188894
-16.182627626730763 65.29667123274531
>
-16.172178620471108 65.31023579072576
-16.183700839392888 65.3415891807427
>
-16.176188527567657 65.35498222062222
-16.18370644198591 65.38654761963973
>
-16.176571849532618 65.39991648551693
-16.18735808706015 65.43131743477261
>
-16.176431780531136 65.44492288288905
-16.191548955352076 65.47601433919043
>
-16.181600801386697 65.4895665243053
-16.19043991967573 65.52107388492993
>
-16.18614322238135 65.5343312169163
-16.189973550891377 65.56601163409339
>
-16.187496181016417 65.57919908250798
-16.192716001914764 65.6108454785567
>
-16.070790994768405 64.5272146097483
-16.007000559403345 64.5113572973619
>
-16.0736232985636 64.5712144484203
-16.007582804441245 64.55707572053987
>
-16.0763595292026 64.61516790745598
-16.008273341439395 64.60283995977363
>
-16.079026288103673 64.65902812011991
-16.00904553229223 64.64869686320684
>
-16.081640714604095 64.70270703179065
-16.009882071504602 64.69473449153311
>
-16.08423257511366 64.74587255754876
-16.010752339278614 64.74128491509799
>
-16.086205830058603 64.78674182661425
-16.012247464167093 64.79013131084282
>
-16.0764491556679 64.82172708417704
-16.025479097904295 64.84486606157034
>
-16.06824427129534 64.86373154011504
-16.03719430503333 64.89257889854376
>
-16.065626497526907 64.90787272863844
-16.04333421704342 64.93815245227181
>
-16.062788239484146 64.95225198595966
-16.04970855059474 64.98348710280582
>
-16.05671108262521 64.9968745014399
-16.05933915525929 65.02857762296253
>
-16.054345954905454 65.04188929673118
-16.06526661555668 65.07327481462713
>
-16.054359165549414 65.08687246754887
-16.06882618931528 65.11800307880293
>
-16.05196134625735 65.13217821667196
-16.074812648232662 65.16240779778444
>
-16.05039454580978 65.17755498709182
-16.07998025493731 65.20674083901542
>
-16.05010720736108 65.22281046330534
-16.08388044891052 65.25119473102754
>
-16.052282357952045 65.26758456176583
-16.085329651223834 65.29612993190257
>
-16.060168207939302 65.31146511959942
-16.081076303702172 65.34195909126929
>
-16.069807685822475 65.35574411291505
-16.07507988057891 65.3873888205232
>
-16.072302569106522 65.40058108221454
-16.076249972905707 65.43225935069437
>
-16.07231212517842 65.44549231402374
-16.079922251130718 65.47705486194212
>
-16.073422718542986 65.4903788401427
-16.082506123939144 65.52187455605919
>
-16.07529097716482 65.53523068270337
-16.084345461090603 65.56672838681075
>
-16.076578735478474 65.5801129531845
-16.0867800966628 65.61155116245033
>
-15.965535950007622 64.52868803246865
-15.903962057484376 64.51127944845952
>
-15.96803397913305 64.57292021317274
-15.904536842281399 64.55676842088398
>
-15.970413813598025 64.61718107287376
-15.905241004880022 64.60222816972015
>
-15.972661640971403 64.66149779850006
-15.906088498001349 64.64763151329822
>
-15.974737461582361 64.7059299790245
-15.907119536520414 64.69291889025425
>
-15.976552690297483 64.75059623335974
-15.908423055714445 64.73797172411466
>
-15.977822998202722 64.79579086514272
-15.910284076727647 64.78249584270831
>
-15.977072924217756 64.84250799556021
-15.914179558630885 64.82549775265252
>
-15.92732319392071 64.8654400630236
-15.967083152625065 64.89228710051174
>
-15.940175100727227 64.90828760644028
-15.957386838172447 64.93915856822298
>
-15.944344997292664 64.95292643630209
-15.956391354161182 64.98423625666173
>
-15.94462189215651 64.99788459455749
-15.959305051715498 65.02899365549139
>
-15.940654767880808 65.04340127102066
-15.96647901830368 65.0731913118861
>
-15.935746514969301 65.08956930454947
-15.974605588647046 65.11673637837272
>
-15.93438539103727 65.13525379627704
-15.979193333245426 65.16076498530772
>
-15.934552079727016 65.18057153916159
-15.982264278055633 65.20516014132379
>
-15.935483037441244 65.22565637846397
-15.984582758862357 65.24978784242525
>
-15.938673949608367 65.26997130055035
-15.98465280560891 65.29518559292563
>
-15.951006832560983 65.31242937187608
-15.975585672771246 65.34244162482554
>
-15.964237320641924 65.356433541518
-15.965628054055234 65.3881494804427
>
-15.967018896026804 65.40128724333714
-15.966143536599557 65.43300620579778
>
-15.967128060411987 65.44614793271185
-15.969347151813402 65.47785536824819
>
-15.96725914276919 65.49103387744894
-15.972541379620576 65.52267865581466
>
-15.96778486935374 65.53592799560788
-15.975353108236506 65.56749318100078
>
-15.968355919891112 65.58083386510621
-15.978132146891578 65.61229536173231
>
-15.860878351753943 64.52963525565106
-15.800314180416079 64.5115803163171
>
-15.863052980104413 64.57400593229542
-15.80087025773972 64.55693337260952
>
-15.86511096835649 64.61842364026101
-15.801552971309619 64.60223885785769
>
-15.867028950646237 64.6629198336806
-15.802385820873365 64.64746533986695
>
-15.868762528470096 64.70754648421459
-15.803413380670287 64.69256086182118
>
-15.870233060876412 64.75238289728783
-15.804714516088817 64.73744615841936
>
-15.871289545193257 64.79754648109075
-15.806440488537378 64.78200388814471
>
-15.871633464710847 64.84319149576041
-15.808889994369451 64.82607991105304
>
-15.870785743445342 64.88941488353683
-15.812541791949581 64.86957744260876
>
-15.817669699912516 64.91271947908916
-15.868471299446847 64.93599363422534
>
-15.823654120054353 64.95603534064135
-15.865308722650454 64.98239803887715
>
-15.82872231251272 64.99997555834517
-15.863072023444806 65.02817702413199
>
-15.829346229462379 65.0450065906116
-15.865293176783645 65.07286350174958
>
-15.826532169213614 65.09099065162849
-15.870964865089563 65.11659542618841
>
-15.824563860408562 65.13701522241487
-15.875799954588524 65.16028632271338
>
-15.879139597266306 65.20436888714829
-15.824100774312537 65.18264796412244
>
-15.881402548141983 65.24887084187887
-15.824725030763249 65.2278611097829
>
-15.82763819404496 65.27204354571191
-15.881387755344305 65.29440377093383
>
-15.844042361144647 65.31302458071188
-15.867883525334227 65.34314083625667
>
-15.859000439890826 65.35709311073232
-15.855829913339225 65.38878692559724
>
-15.86126212822386 65.40196700308151
-15.856498280951481 65.43362607587757
>
-15.861258068892996 65.44679680367636
-15.859446230868185 65.47850888611231
>
-15.861008983584556 65.49165209553694
-15.862650673342761 65.52336555837434
>
-15.860933992972937 65.53653484729963
-15.86569203247852 65.56819416736276
>
-15.860997749683118 65.58143790565744
-15.868605752162575 65.6130018755911
>
-15.756535912348802 64.5302999149722
-15.696340912325036 64.51201637872549
>
-15.758432480354863 64.57475116440101
-15.696832748145175 64.55729112228485
>
-15.760228285059094 64.61924707291134
-15.697434104945916 64.60252066783599
>
-15.761905636819163 64.66381035035857
-15.698162776256254 64.64768232682158
>
-15.763437473418051 64.70847231350064
-15.699045945062139 64.69274478614003
>
-15.764786380916165 64.75327143703163
-15.700121157549852 64.7376695931918
>
-15.765901793173084 64.79824898128359
-15.701439104459823 64.78241551078479
>
-15.76671914215302 64.84343947503389
-15.70306443553699 64.82694803691
>
-15.767162015576202 64.88885827519069
-15.70507355739286 64.87125184167964
>
-15.767118902132262 64.93450900740781
-15.707577872804405 64.9153233321188
>
-15.76635860539935 64.98041474815132
-15.710808339922195 64.95913949293248
>
-15.714620031580498 65.00289081707805
-15.76502558558307 65.02638489853953
>
-15.716916156770179 65.04734776800032
-15.765217124737056 65.07164829029118
>
-15.716697917642735 65.09273821176724
-15.767932821896968 65.11597678938192
>
-15.771343894826284 65.15994044654128
-15.715793338474507 65.13849265178274
>
-15.774294777093628 65.20399307444822
-15.715357904589354 65.18415767836885
>
-15.776490563462179 65.24837079388334
-15.715687027527238 65.22949732106306
>
-15.77668200597762 65.2938360791338
-15.718030979393609 65.27374962733286
>
-15.739474270458894 65.31326053486693
-15.757771467141332 65.34404691295545
>
-15.753811533124175 65.35773570817588
-15.745972723976317 65.38928823721997
>
-15.75522758187803 65.40259913462918
-15.747120062109515 65.4341403152929
>
-15.754990852424017 65.44740150812062
-15.749931862755375 65.47905286468226
>
-15.754508274634723 65.49222695664491
-15.752999593634582 65.52394179340328
>
-15.754109594295876 65.53708563434333
-15.755993153116671 65.56879689083857
>
-15.753842938899329 65.58197156223535
-15.758864396685368 65.61362414366002
